8, (6, 0), [(-1, 0), (0, 0), (1, 0), (1, 1), (2, 1), (3, 1), (3, 0), (4, 0), (5, 0)]
12, (-6, -4), [(1, 0), (0, 0), (-1, 0), (-1, -1), (-1, 0), (-1, -1), (-2, -1), (-2, -2), (-3, -2), (-3, -3), (-4, -3), (-4, -4), (-5, -4)]
14, (5, 9), [(0, 0), (0, 1), (1, 1), (1, 2), (2, 2), (2, 3), (3, 3), (3, 4), (4, 4), (4, 5), (5, 5), (5, 6), (5, 7), (5, 8), (5, 9)]
20, (-13, -6), [(-1, 0), (-1, -1), (-2, -1), (-2, -2), (-3, -2), (-3, -3), (-4, -3), (-4, -4), (-4, -4), (-5, -4), (-5, -5), (-6, -5), (-6, -6), (-7, -6), (-8, -6), (-9, -6), (-10, -6), (-11, -6), (-12, -6), (-13, -6), (-14, -6)]
29, (17, -11), [(-1, 0), (-1, 0), (-1, -1), (-1, -2), (-1, -3), (-1, -4), (0, -4), (0, -5), (1, -5), (1, -6), (2, -6), (2, -7), (3, -7), (3, -8), (4, -8), (4, -9), (5, -9), (5, -10), (6, -10), (6, -11), (7, -11), (8, -11), (9, -11), (10, -11), (11, -11), (12, -11), (13, -11), (14, -11), (15, -11), (16, -11)]
29, (-9, 20), [(0, 1), (-1, 1), (-1, 2), (-2, 2), (-2, 3), (-3, 3), (-3, 4), (-4, 4), (-4, 5), (-5, 5), (-5, 6), (-6, 6), (-6, 7), (-7, 7), (-7, 8), (-8, 8), (-8, 9), (-9, 9), (-9, 10), (-9, 11), (-9, 12), (-9, 13), (-9, 14), (-9, 15), (-9, 16), (-9, 17), (-9, 18), (-9, 19), (-9, 20), (-9, 21)]
32, (9, 20), [(-1, 0), (0, 0), (0, -1), (0, -1), (1, -1), (1, 0), (2, 0), (2, 1), (3, 1), (3, 2), (4, 2), (4, 3), (5, 3), (5, 4), (6, 4), (6, 5), (7, 5), (7, 6), (8, 6), (8, 7), (8, 8), (8, 9), (8, 10), (8, 11), (8, 12), (8, 13), (8, 14), (8, 15), (8, 16), (8, 17), (8, 18), (8, 19), (8, 20)]
19, (-6, -13), [(5, 9), (4, 9), (4, 8), (3, 8), (3, 7), (2, 7), (2, 6), (1, 6), (1, 5), (0, 5), (0, 4), (-1, 4), (-1, 3), (-1, 2), (-1, 1), (-1, 0), (-1, -1), (-1, -2), (-1, -3), (-1, -4)]
40, (2, -30), [(0, 1), (1, 1), (1, 0), (2, 0), (2, -1), (3, -1), (3, -2), (3, -3), (3, -4), (3, -5), (2, -5), (2, -6), (2, -7), (3, -7), (3, -8), (4, -8), (4, -9), (5, -9), (5, -10), (5, -11), (5, -12), (5, -13), (5, -14), (5, -15), (4, -15), (4, -16), (3, -16), (3, -17), (2, -17), (2, -18), (2, -19), (2, -20), (2, -21), (2, -22), (2, -23), (2, -24), (2, -25), (2, -26), (2, -27), (2, -28), (2, -29)]
34, (-20, 14), [(5, 0), (4, 0), (4, 1), (3, 1), (3, 2), (2, 2), (2, 3), (1, 3), (1, 4), (0, 4), (0, 5), (-1, 5), (-1, 6), (-2, 6), (-2, 7), (-3, 7), (-3, 8), (-4, 8), (-4, 9), (-5, 9), (-5, 10), (-6, 10), (-6, 11), (-7, 11), (-7, 12), (-8, 12), (-8, 13), (-9, 13), (-9, 14), (-10, 14), (-11, 14), (-12, 14), (-13, 14), (-14, 14), (-15, 14)]
43, (-21, 18), [(0, 0), (-1, 0), (-2, 0), (-2, 1), (-3, 1), (-3, 2), (-4, 2), (-4, 3), (-5, 3), (-5, 4), (-6, 4), (-6, 5), (-7, 5), (-7, 6), (-7, 6), (-8, 6), (-8, 7), (-9, 7), (-9, 8), (-10, 8), (-10, 9), (-11, 9), (-11, 10), (-12, 10), (-12, 11), (-13, 11), (-13, 12), (-14, 12), (-14, 13), (-15, 13), (-15, 14), (-16, 14), (-16, 15), (-17, 15), (-18, 15), (-19, 15), (-19, 16), (-20, 16), (-20, 17), (-21, 17), (-21, 17), (-21, 17), (-21, 17), (-21, 18)]
40, (18, 22), [(-5, -4), (-4, -4), (-4, -3), (-3, -3), (-3, -2), (-2, -2), (-2, -1), (-1, -1), (-1, 0), (0, 0), (0, 1), (1, 1), (1, 2), (2, 2), (2, 3), (3, 3), (3, 4), (4, 4), (4, 5), (5, 5), (5, 6), (6, 6), (6, 7), (7, 7), (7, 8), (8, 8), (8, 9), (9, 9), (9, 10), (10, 10), (10, 11), (11, 11), (11, 12), (12, 12), (12, 13), (13, 13), (13, 14), (13, 15), (13, 16), (13, 17), (13, 18)]
25, (18, 7), [(16, -11), (17, -11), (17, -10), (18, -10), (18, -9), (19, -9), (19, -8), (20, -8), (20, -7), (21, -7), (21, -6), (22, -6), (22, -5), (23, -5), (23, -4), (24, -4), (25, -4), (26, -4), (27, -4), (28, -4), (29, -4), (30, -4), (31, -4), (32, -4), (33, -4), (34, -4)]
56, (-30, 23), [(1, 0), (0, 0), (0, -1), (0, 0), (0, 1), (0, 2), (0, 3), (-1, 3), (-1, 4), (-2, 4), (-2, 5), (-3, 5), (-3, 6), (-4, 6), (-4, 7), (-5, 7), (-5, 8), (-6, 8), (-6, 9), (-7, 9), (-7, 10), (-8, 10), (-8, 11), (-9, 11), (-9, 11), (-9, 12), (-10, 12), (-10, 13), (-11, 13), (-11, 14), (-12, 14), (-12, 15), (-13, 15), (-13, 16), (-14, 16), (-14, 17), (-15, 17), (-15, 18), (-16, 18), (-16, 19), (-16, 20), (-16, 21), (-17, 21), (-17, 22), (-18, 22), (-18, 23), (-19, 23), (-20, 23), (-21, 23), (-22, 23), (-23, 23), (-24, 23), (-25, 23), (-26, 23), (-27, 23), (-28, 23), (-29, 23)]
35, (25, -10), [(-9, 21), (-9, 20), (-8, 20), (-8, 19), (-7, 19), (-7, 18), (-6, 18), (-6, 17), (-5, 17), (-5, 16), (-4, 16), (-4, 15), (-3, 15), (-3, 14), (-2, 14), (-1, 14), (0, 14), (1, 14), (2, 14), (3, 14), (4, 14), (4, 13), (5, 13), (5, 12), (6, 12), (6, 11), (7, 11), (8, 11), (9, 11), (10, 11), (11, 11), (12, 11), (13, 11), (14, 11), (15, 11), (16, 11)]
25, (21, 3), [(2, -29), (3, -29), (4, -29), (5, -29), (6, -29), (7, -29), (7, -28), (8, -28), (8, -27), (9, -27), (10, -27), (11, -27), (11, -26), (12, -26), (13, -26), (13, -26), (14, -26), (15, -26), (16, -26), (17, -26), (18, -26), (19, -26), (20, -26), (21, -26), (22, -26), (23, -26)]
34, (-4, -30), [(8, 20), (7, 20), (7, 19), (6, 19), (6, 18), (6, 17), (6, 16), (6, 15), (6, 14), (6, 13), (6, 12), (6, 11), (6, 10), (5, 10), (5, 9), (4, 9), (4, 8), (4, 7), (4, 6), (4, 5), (4, 4), (4, 3), (4, 2), (4, 1), (4, 0), (4, -1), (4, -2), (4, -3), (4, -4), (4, -5), (4, -6), (4, -7), (4, -8), (4, -9), (4, -10)]
24, (16, -8), [(-15, 14), (-14, 14), (-14, 13), (-13, 13), (-13, 12), (-12, 12), (-11, 12), (-10, 12), (-10, 11), (-9, 11), (-9, 10), (-8, 10), (-8, 9), (-7, 9), (-7, 8), (-6, 8), (-6, 7), (-5, 7), (-5, 6), (-4, 6), (-3, 6), (-2, 6), (-1, 6), (0, 6), (1, 6)]
49, (-22, -27), [(-14, -6), (-15, -6), (-15, -7), (-16, -7), (-16, -8), (-17, -8), (-17, -9), (-18, -9), (-18, -10), (-19, -10), (-19, -11), (-20, -11), (-20, -12), (-21, -12), (-21, -13), (-22, -13), (-22, -14), (-23, -14), (-23, -15), (-24, -15), (-24, -16), (-25, -16), (-25, -17), (-26, -17), (-26, -18), (-27, -18), (-27, -19), (-28, -19), (-28, -20), (-29, -20), (-29, -21), (-30, -21), (-30, -22), (-31, -22), (-31, -23), (-32, -23), (-32, -24), (-33, -24), (-33, -25), (-34, -25), (-34, -26), (-35, -26), (-35, -27), (-36, -27), (-36, -28), (-36, -29), (-36, -30), (-36, -31), (-36, -32), (-36, -33)]
17, (-2, -9), [(-29, 23), (-30, 23), (-30, 22), (-31, 22), (-31, 21), (-31, 20), (-30, 20), (-30, 19), (-30, 18), (-31, 18), (-31, 17), (-31, 17), (-31, 17), (-31, 17), (-31, 16), (-31, 15), (-31, 15), (-31, 14)]
39, (12, 23), [(-21, 18), (-21, 19), (-21, 20), (-20, 20), (-20, 21), (-19, 21), (-19, 22), (-18, 22), (-17, 22), (-16, 22), (-15, 22), (-14, 22), (-14, 23), (-13, 23), (-13, 24), (-12, 24), (-12, 25), (-11, 25), (-11, 26), (-10, 26), (-10, 27), (-9, 27), (-9, 28), (-9, 29), (-9, 30), (-9, 31), (-9, 32), (-9, 33), (-9, 33), (-9, 33), (-9, 33), (-9, 34), (-9, 35), (-9, 36), (-9, 37), (-9, 38), (-9, 39), (-9, 40), (-9, 40), (-9, 41)]
53, (19, -29), [(-1, -4), (0, -4), (0, -5), (1, -5), (1, -6), (2, -6), (2, -7), (3, -7), (3, -8), (4, -8), (4, -9), (5, -9), (5, -10), (6, -10), (6, -11), (7, -11), (7, -12), (8, -12), (8, -13), (9, -13), (9, -14), (10, -14), (10, -15), (11, -15), (11, -16), (12, -16), (12, -17), (13, -17), (13, -18), (14, -18), (14, -19), (15, -19), (15, -20), (16, -20), (16, -21), (17, -21), (17, -22), (18, -22), (18, -23), (19, -23), (19, -24), (19, -25), (19, -26), (19, -26), (19, -26), (19, -26), (19, -27), (19, -28), (19, -29), (18, -29), (18, -30), (18, -31), (18, -32), (18, -33)]
35, (-21, 13), [(34, -4), (34, -3), (33, -3), (33, -2), (32, -2), (32, -1), (31, -1), (31, 0), (30, 0), (30, 1), (29, 1), (29, 2), (28, 2), (28, 3), (27, 3), (27, 4), (26, 4), (26, 5), (25, 5), (25, 6), (24, 6), (24, 7), (23, 7), (23, 8), (22, 8), (22, 9), (21, 9), (20, 9), (19, 9), (18, 9), (18, 9), (17, 9), (16, 9), (15, 9), (14, 9), (13, 9)]
17, (3, -12), [(-31, 14), (-31, 15), (-30, 15), (-29, 15), (-29, 14), (-28, 14), (-28, 13), (-28, 12), (-28, 11), (-28, 10), (-28, 9), (-28, 8), (-28, 7), (-28, 6), (-28, 5), (-28, 4), (-28, 3), (-28, 2)]
40, (27, 7), [(13, 18), (14, 18), (14, 19), (15, 19), (15, 20), (16, 20), (16, 21), (17, 21), (17, 22), (18, 22), (18, 23), (19, 23), (19, 24), (20, 24), (20, 25), (21, 25), (22, 25), (22, 25), (22, 25), (22, 25), (23, 25), (24, 25), (25, 25), (25, 25), (25, 25), (25, 25), (26, 25), (27, 25), (28, 25), (29, 25), (30, 25), (31, 25), (32, 25), (33, 25), (34, 25), (35, 25), (36, 25), (37, 25), (38, 25), (39, 25), (40, 25)]
29, (-13, -15), [(23, -26), (23, -27), (22, -27), (22, -28), (21, -28), (21, -29), (20, -29), (20, -30), (19, -30), (19, -31), (18, -31), (18, -32), (18, -32), (17, -32), (17, -33), (16, -33), (16, -34), (15, -34), (15, -35), (14, -35), (14, -36), (13, -36), (13, -37), (12, -37), (12, -38), (11, -38), (11, -39), (10, -39), (10, -40), (10, -41)]
39, (-11, 28), [(4, -10), (4, -9), (3, -9), (3, -8), (2, -8), (2, -7), (1, -7), (1, -6), (0, -6), (0, -5), (-1, -5), (-1, -4), (-2, -4), (-2, -3), (-3, -3), (-3, -2), (-4, -2), (-4, -1), (-5, -1), (-5, 0), (-6, 0), (-6, 1), (-7, 1), (-7, 2), (-7, 3), (-7, 4), (-7, 5), (-7, 6), (-7, 7), (-7, 8), (-7, 9), (-7, 10), (-7, 11), (-7, 12), (-7, 13), (-7, 14), (-7, 15), (-7, 16), (-7, 17), (-7, 18)]
14, (6, 8), [(-28, 2), (-28, 3), (-28, 4), (-28, 5), (-28, 6), (-28, 7), (-28, 8), (-28, 9), (-27, 9), (-27, 10), (-26, 10), (-25, 10), (-24, 10), (-23, 10), (-22, 10)]
47, (16, 28), [(16, 11), (17, 11), (17, 12), (18, 12), (18, 13), (19, 13), (19, 14), (20, 14), (20, 15), (21, 15), (21, 16), (22, 16), (22, 17), (23, 17), (23, 18), (24, 18), (24, 19), (25, 19), (25, 20), (26, 20), (26, 21), (27, 21), (27, 22), (28, 22), (28, 23), (29, 23), (29, 24), (30, 24), (30, 25), (31, 25), (31, 26), (32, 26), (32, 27), (32, 28), (32, 29), (32, 30), (32, 30), (32, 30), (32, 30), (32, 31), (32, 32), (32, 33), (32, 34), (32, 35), (32, 36), (32, 37), (32, 38), (32, 39)]
24, (6, 17), [(13, 9), (13, 10), (14, 10), (14, 11), (15, 11), (15, 12), (16, 12), (16, 13), (16, 13), (17, 13), (17, 14), (18, 14), (18, 15), (19, 15), (19, 16), (19, 17), (19, 18), (19, 19), (19, 20), (19, 21), (19, 22), (19, 23), (19, 24), (19, 25), (19, 26)]
49, (-29, -20), [(1, 6), (1, 5), (0, 5), (0, 4), (-1, 4), (-1, 3), (-1, 2), (-1, 1), (-1, 0), (-1, -1), (-2, -1), (-2, -2), (-3, -2), (-3, -3), (-4, -3), (-4, -4), (-5, -4), (-5, -5), (-6, -5), (-6, -6), (-7, -6), (-7, -7), (-8, -7), (-8, -8), (-9, -8), (-9, -9), (-10, -9), (-10, -10), (-11, -10), (-11, -11), (-12, -11), (-12, -12), (-13, -12), (-13, -13), (-14, -13), (-14, -14), (-15, -14), (-16, -14), (-17, -14), (-18, -14), (-19, -14), (-20, -14), (-21, -14), (-22, -14), (-23, -14), (-24, -14), (-25, -14), (-26, -14), (-27, -14), (-28, -14)]
38, (-16, -19), [(-9, 41), (-10, 41), (-10, 40), (-11, 40), (-11, 39), (-12, 39), (-12, 38), (-13, 38), (-13, 37), (-13, 38), (-14, 38), (-15, 38), (-16, 38), (-17, 38), (-18, 38), (-19, 38), (-20, 38), (-21, 38), (-21, 37), (-22, 37), (-22, 36), (-23, 36), (-23, 35), (-24, 35), (-24, 34), (-25, 34), (-25, 33), (-25, 32), (-25, 31), (-25, 30), (-25, 29), (-25, 28), (-25, 28), (-25, 27), (-25, 26), (-25, 25), (-25, 24), (-25, 23), (-25, 22)]
8, (2, -6), [(19, 26), (20, 26), (20, 25), (21, 25), (21, 24), (21, 23), (21, 22), (21, 21), (21, 20)]
18, (9, 9), [(-22, 10), (-22, 11), (-21, 11), (-20, 11), (-19, 11), (-19, 12), (-18, 12), (-18, 13), (-17, 13), (-17, 14), (-16, 14), (-16, 15), (-15, 15), (-15, 16), (-14, 16), (-14, 17), (-13, 17), (-13, 18), (-13, 19)]
56, (-24, 30), [(-36, -33), (-37, -33), (-37, -32), (-38, -32), (-38, -31), (-39, -31), (-39, -30), (-40, -30), (-40, -29), (-41, -29), (-41, -28), (-42, -28), (-42, -27), (-43, -27), (-43, -26), (-44, -26), (-44, -25), (-45, -25), (-45, -24), (-46, -24), (-46, -23), (-47, -23), (-47, -22), (-48, -22), (-48, -21), (-48, -20), (-48, -19), (-49, -19), (-49, -18), (-50, -18), (-50, -17), (-51, -17), (-51, -16), (-52, -16), (-52, -16), (-52, -15), (-53, -15), (-53, -14), (-54, -14), (-54, -13), (-55, -13), (-55, -12), (-56, -12), (-56, -11), (-56, -10), (-56, -9), (-57, -9), (-57, -8), (-58, -8), (-58, -7), (-59, -7), (-59, -6), (-60, -6), (-60, -5), (-60, -5), (-60, -4), (-60, -3)]
34, (17, -17), [(10, -41), (11, -41), (11, -42), (12, -42), (12, -43), (13, -43), (13, -44), (14, -44), (14, -45), (15, -45), (15, -46), (16, -46), (16, -47), (17, -47), (17, -48), (18, -48), (18, -49), (18, -50), (18, -51), (18, -52), (18, -53), (19, -53), (19, -54), (20, -54), (20, -55), (21, -55), (21, -56), (22, -56), (22, -57), (23, -57), (23, -58), (24, -58), (25, -58), (26, -58), (27, -58)]
40, (23, 17), [(40, 25), (41, 25), (41, 26), (42, 26), (42, 27), (43, 27), (43, 28), (44, 28), (44, 29), (45, 29), (45, 30), (46, 30), (46, 31), (47, 31), (47, 32), (48, 32), (48, 33), (49, 33), (49, 34), (50, 34), (50, 35), (51, 35), (51, 36), (52, 36), (52, 37), (53, 37), (53, 38), (54, 38), (54, 39), (55, 39), (55, 40), (56, 40), (56, 41), (57, 41), (57, 42), (58, 42), (59, 42), (60, 42), (61, 42), (62, 42), (63, 42)]
53, (24, 29), [(18, -33), (19, -33), (19, -32), (20, -32), (20, -31), (21, -31), (21, -30), (22, -30), (22, -29), (23, -29), (23, -28), (24, -28), (24, -27), (25, -27), (25, -26), (26, -26), (26, -25), (27, -25), (27, -24), (28, -24), (28, -23), (29, -23), (29, -22), (30, -22), (30, -21), (31, -21), (31, -20), (32, -20), (32, -19), (33, -19), (33, -18), (34, -18), (34, -17), (35, -17), (35, -16), (36, -16), (36, -15), (37, -15), (37, -14), (38, -14), (38, -13), (39, -13), (39, -12), (40, -12), (40, -11), (41, -11), (41, -10), (42, -10), (42, -9), (42, -8), (42, -7), (42, -6), (42, -5), (42, -4)]
32, (10, 16), [(-28, -14), (-28, -13), (-27, -13), (-27, -12), (-26, -12), (-26, -11), (-25, -11), (-25, -10), (-24, -10), (-24, -9), (-23, -9), (-23, -8), (-22, -8), (-22, -7), (-22, -6), (-22, -5), (-21, -5), (-21, -4), (-20, -4), (-20, -3), (-19, -3), (-19, -2), (-18, -2), (-18, -2), (-18, -2), (-18, -2), (-18, -1), (-18, 0), (-18, 1), (-18, 1), (-18, 1), (-18, 1), (-18, 2)]
47, (-28, -14), [(-7, 18), (-7, 17), (-8, 17), (-8, 16), (-9, 16), (-9, 15), (-10, 15), (-10, 14), (-11, 14), (-11, 13), (-12, 13), (-12, 12), (-13, 12), (-13, 12), (-13, 11), (-14, 11), (-14, 10), (-14, 10), (-15, 10), (-15, 9), (-16, 9), (-16, 8), (-17, 8), (-17, 7), (-18, 7), (-18, 6), (-19, 6), (-19, 5), (-20, 5), (-20, 4), (-21, 4), (-22, 4), (-22, 4), (-22, 4), (-22, 4), (-23, 4), (-24, 4), (-25, 4), (-26, 4), (-27, 4), (-28, 4), (-29, 4), (-30, 4), (-31, 4), (-32, 4), (-33, 4), (-34, 4), (-35, 4)]
42, (14, 28), [(32, 39), (33, 39), (33, 40), (34, 40), (34, 41), (35, 41), (35, 42), (36, 42), (36, 43), (37, 43), (37, 44), (38, 44), (38, 45), (39, 45), (39, 46), (40, 46), (40, 47), (41, 47), (41, 48), (42, 48), (42, 49), (43, 49), (43, 50), (44, 50), (44, 51), (45, 51), (45, 52), (46, 52), (46, 53), (46, 54), (46, 55), (46, 56), (46, 57), (46, 58), (46, 59), (46, 60), (46, 61), (46, 62), (46, 63), (46, 64), (46, 65), (46, 66), (46, 67)]
31, (16, 15), [(-60, -3), (-59, -3), (-59, -2), (-58, -2), (-58, -1), (-57, -1), (-57, 0), (-56, 0), (-56, 1), (-55, 1), (-55, 2), (-54, 2), (-54, 3), (-53, 3), (-53, 4), (-52, 4), (-52, 5), (-51, 5), (-51, 6), (-50, 6), (-50, 7), (-49, 7), (-49, 8), (-48, 8), (-48, 9), (-47, 9), (-47, 10), (-46, 10), (-46, 11), (-45, 11), (-45, 12), (-44, 12)]
36, (-4, 29), [(21, 20), (20, 20), (20, 21), (19, 21), (19, 22), (18, 22), (18, 23), (17, 23), (17, 24), (17, 25), (17, 26), (17, 27), (17, 28), (17, 29), (17, 30), (17, 31), (17, 32), (17, 33), (17, 34), (17, 35), (17, 36), (17, 37), (17, 38), (17, 39), (17, 40), (17, 41), (17, 42), (17, 43), (17, 44), (17, 45), (17, 46), (17, 47), (17, 48), (17, 48), (17, 48), (17, 48), (17, 49)]
42, (-15, 27), [(-25, 22), (-26, 22), (-26, 23), (-27, 23), (-27, 24), (-28, 24), (-28, 25), (-29, 25), (-29, 26), (-30, 26), (-30, 27), (-31, 27), (-31, 28), (-32, 28), (-32, 29), (-33, 29), (-33, 30), (-34, 30), (-34, 31), (-35, 31), (-35, 32), (-36, 32), (-36, 33), (-37, 33), (-37, 34), (-38, 34), (-38, 35), (-39, 35), (-39, 36), (-40, 36), (-40, 37), (-40, 38), (-40, 39), (-40, 40), (-40, 41), (-40, 42), (-40, 43), (-40, 44), (-40, 45), (-40, 46), (-40, 47), (-40, 48), (-40, 49)]
34, (-24, 10), [(27, -58), (26, -58), (26, -57), (25, -57), (25, -56), (24, -56), (24, -55), (23, -55), (23, -54), (22, -54), (22, -53), (21, -53), (20, -53), (19, -53), (18, -53), (18, -52), (18, -51), (18, -50), (18, -49), (17, -49), (17, -48), (16, -48), (15, -48), (14, -48), (13, -48), (12, -48), (11, -48), (10, -48), (9, -48), (8, -48), (7, -48), (6, -48), (5, -48), (4, -48), (3, -48)]
26, (24, -1), [(42, -4), (42, -5), (43, -5), (44, -5), (45, -5), (46, -5), (47, -5), (48, -5), (49, -5), (50, -5), (50, -5), (51, -5), (52, -5), (53, -5), (54, -5), (55, -5), (56, -5), (57, -5), (58, -5), (59, -5), (60, -5), (61, -5), (62, -5), (63, -5), (64, -5), (65, -5), (66, -5)]
35, (-5, -30), [(63, 42), (63, 41), (62, 41), (62, 40), (61, 40), (61, 39), (60, 39), (60, 38), (59, 38), (59, 37), (58, 37), (58, 36), (58, 35), (58, 34), (58, 33), (58, 32), (58, 31), (58, 30), (58, 29), (58, 28), (58, 27), (58, 26), (58, 25), (58, 24), (58, 23), (58, 22), (58, 21), (58, 20), (58, 19), (58, 18), (58, 17), (58, 16), (58, 15), (58, 14), (58, 13), (58, 12)]
15, (5, -10), [(46, 67), (47, 67), (47, 66), (48, 66), (48, 65), (49, 65), (49, 64), (50, 64), (50, 63), (51, 63), (51, 62), (51, 61), (51, 60), (51, 59), (51, 58), (51, 57)]
54, (21, 30), [(-13, 19), (-13, 20), (-12, 20), (-12, 21), (-11, 21), (-11, 22), (-10, 22), (-10, 23), (-9, 23), (-9, 24), (-8, 24), (-8, 25), (-7, 25), (-7, 26), (-7, 27), (-7, 28), (-7, 29), (-7, 30), (-6, 30), (-6, 31), (-5, 31), (-5, 32), (-4, 32), (-4, 33), (-3, 33), (-3, 34), (-2, 34), (-1, 34), (0, 34), (1, 34), (2, 34), (2, 35), (3, 35), (3, 36), (4, 36), (4, 37), (5, 37), (5, 38), (6, 38), (6, 39), (7, 39), (7, 40), (8, 40), (8, 41), (8, 42), (8, 43), (8, 44), (8, 45), (8, 46), (8, 47), (8, 47), (8, 47), (8, 47), (8, 48), (8, 49)]
25, (2, 19), [(17, 49), (17, 50), (18, 50), (18, 51), (19, 51), (19, 52), (19, 53), (19, 54), (19, 55), (19, 56), (20, 56), (20, 57), (21, 57), (21, 58), (21, 59), (21, 60), (21, 61), (21, 62), (20, 62), (20, 63), (19, 63), (19, 64), (19, 65), (19, 66), (19, 67), (19, 68)]
37, (-18, 19), [(-18, 2), (-18, 3), (-19, 3), (-19, 4), (-20, 4), (-20, 5), (-21, 5), (-21, 6), (-22, 6), (-22, 7), (-23, 7), (-23, 8), (-24, 8), (-24, 9), (-25, 9), (-25, 10), (-26, 10), (-26, 11), (-27, 11), (-27, 12), (-28, 12), (-28, 13), (-29, 13), (-29, 14), (-30, 14), (-30, 15), (-31, 15), (-31, 16), (-32, 16), (-32, 17), (-33, 17), (-34, 17), (-35, 17), (-35, 18), (-36, 18), (-36, 19), (-36, 20), (-36, 21)]
23, (-14, -9), [(3, -48), (3, -49), (2, -49), (2, -50), (1, -50), (1, -51), (0, -51), (0, -52), (-1, -52), (-1, -53), (-2, -53), (-2, -54), (-3, -54), (-3, -55), (-4, -55), (-4, -56), (-5, -56), (-5, -57), (-6, -57), (-7, -57), (-8, -57), (-9, -57), (-10, -57), (-11, -57)]
23, (11, -11), [(66, -5), (67, -5), (67, -6), (68, -6), (68, -7), (69, -7), (69, -8), (70, -8), (70, -9), (71, -9), (71, -9), (71, -10), (72, -10), (72, -11), (73, -11), (73, -12), (74, -12), (74, -13), (74, -14), (74, -15), (75, -15), (75, -16), (76, -16), (77, -16)]
27, (-16, -10), [(58, 12), (57, 12), (57, 11), (56, 11), (56, 10), (55, 10), (55, 10), (55, 9), (54, 9), (54, 8), (53, 8), (53, 7), (52, 7), (52, 6), (51, 6), (51, 5), (50, 5), (50, 4), (49, 4), (49, 3), (48, 3), (48, 2), (47, 2), (46, 2), (45, 2), (44, 2), (43, 2), (42, 2)]
46, (28, -15), [(-35, 4), (-34, 4), (-34, 3), (-33, 3), (-33, 2), (-32, 2), (-32, 1), (-31, 1), (-31, 0), (-30, 0), (-30, -1), (-29, -1), (-29, -2), (-28, -2), (-28, -3), (-27, -3), (-27, -4), (-26, -4), (-26, -5), (-25, -5), (-25, -6), (-25, -7), (-25, -8), (-25, -9), (-24, -9), (-24, -9), (-24, -9), (-24, -9), (-23, -9), (-22, -9), (-21, -9), (-21, -10), (-20, -10), (-20, -11), (-19, -11), (-18, -11), (-17, -11), (-16, -11), (-15, -11), (-14, -11), (-13, -11), (-12, -11), (-11, -11), (-10, -11), (-9, -11), (-8, -11), (-7, -11)]
45, (-28, -17), [(-44, 12), (-45, 12), (-45, 11), (-46, 11), (-46, 10), (-47, 10), (-47, 9), (-48, 9), (-48, 8), (-49, 8), (-49, 7), (-50, 7), (-50, 6), (-51, 6), (-51, 5), (-52, 5), (-52, 4), (-53, 4), (-53, 3), (-54, 3), (-54, 2), (-55, 2), (-55, 1), (-56, 1), (-56, 0), (-57, 0), (-57, -1), (-58, -1), (-58, -2), (-59, -2), (-59, -3), (-60, -3), (-60, -4), (-61, -4), (-61, -5), (-62, -5), (-63, -5), (-64, -5), (-65, -5), (-66, -5), (-67, -5), (-68, -5), (-69, -5), (-70, -5), (-71, -5), (-72, -5)]
24, (19, -5), [(8, 49), (9, 49), (9, 48), (10, 48), (10, 47), (11, 47), (11, 46), (12, 46), (12, 45), (13, 45), (13, 44), (14, 44), (15, 44), (16, 44), (17, 44), (18, 44), (19, 44), (20, 44), (21, 44), (22, 44), (23, 44), (24, 44), (25, 44), (26, 44), (27, 44)]
27, (27, 0), [(-11, -57), (-10, -57), (-9, -57), (-8, -57), (-7, -57), (-6, -57), (-5, -57), (-4, -57), (-3, -57), (-2, -57), (-1, -57), (0, -57), (1, -57), (2, -57), (3, -57), (4, -57), (5, -57), (6, -57), (7, -57), (8, -57), (9, -57), (10, -57), (11, -57), (12, -57), (13, -57), (14, -57), (15, -57), (16, -57)]
58, (-27, -30), [(-40, 49), (-40, 48), (-41, 48), (-41, 47), (-42, 47), (-42, 46), (-43, 46), (-43, 45), (-44, 45), (-44, 44), (-45, 44), (-45, 43), (-46, 43), (-46, 42), (-47, 42), (-47, 41), (-48, 41), (-48, 40), (-49, 40), (-49, 39), (-50, 39), (-50, 38), (-51, 38), (-51, 37), (-52, 37), (-52, 37), (-52, 36), (-53, 36), (-53, 35), (-54, 35), (-54, 34), (-55, 34), (-55, 33), (-56, 33), (-56, 32), (-57, 32), (-57, 31), (-58, 31), (-58, 30), (-59, 30), (-59, 29), (-60, 29), (-60, 28), (-61, 28), (-61, 27), (-62, 27), (-62, 26), (-63, 26), (-63, 25), (-64, 25), (-64, 24), (-65, 24), (-65, 23), (-66, 23), (-66, 22), (-67, 22), (-67, 21), (-67, 20), (-67, 19)]
31, (15, 15), [(77, -16), (78, -16), (78, -15), (79, -15), (79, -14), (80, -14), (80, -13), (81, -13), (81, -12), (82, -12), (82, -11), (83, -11), (83, -10), (84, -10), (84, -9), (85, -9), (85, -8), (86, -8), (86, -7), (87, -7), (87, -6), (88, -6), (88, -5), (89, -5), (89, -4), (90, -4), (90, -3), (91, -3), (91, -3), (91, -2), (92, -2), (92, -1)]
55, (28, 26), [(51, 57), (51, 58), (52, 58), (52, 59), (53, 59), (53, 59), (53, 60), (54, 60), (54, 61), (55, 61), (55, 62), (56, 62), (56, 63), (57, 63), (57, 64), (58, 64), (58, 65), (59, 65), (59, 66), (60, 66), (60, 67), (61, 67), (61, 68), (62, 68), (62, 69), (63, 69), (63, 70), (64, 70), (64, 71), (65, 71), (65, 72), (66, 72), (66, 73), (67, 73), (67, 74), (68, 74), (68, 75), (69, 75), (69, 76), (70, 76), (70, 77), (71, 77), (71, 78), (72, 78), (72, 79), (73, 79), (73, 80), (74, 80), (74, 81), (75, 81), (75, 82), (76, 82), (76, 83), (77, 83), (78, 83), (79, 83)]
33, (-11, 19), [(42, 2), (42, 1), (41, 1), (40, 1), (40, 1), (39, 1), (38, 1), (37, 1), (37, 2), (36, 2), (36, 3), (35, 3), (35, 4), (34, 4), (34, 5), (33, 5), (33, 6), (32, 6), (32, 7), (31, 7), (31, 8), (31, 9), (31, 10), (31, 11), (31, 12), (31, 13), (31, 14), (31, 15), (31, 16), (31, 17), (31, 18), (31, 19), (31, 20), (31, 21)]
46, (23, 23), [(19, 68), (20, 68), (20, 69), (21, 69), (21, 70), (22, 70), (22, 71), (23, 71), (23, 72), (24, 72), (24, 73), (25, 73), (25, 74), (26, 74), (26, 75), (27, 75), (27, 76), (28, 76), (28, 77), (29, 77), (29, 78), (30, 78), (30, 79), (31, 79), (31, 80), (32, 80), (32, 81), (33, 81), (33, 82), (34, 82), (34, 83), (35, 83), (35, 84), (36, 84), (36, 85), (37, 85), (37, 86), (38, 86), (38, 87), (39, 87), (39, 88), (40, 88), (40, 89), (41, 89), (41, 90), (42, 90), (42, 91)]
50, (-26, 24), [(-36, 21), (-37, 21), (-37, 22), (-38, 22), (-38, 23), (-39, 23), (-39, 24), (-40, 24), (-40, 25), (-41, 25), (-41, 26), (-42, 26), (-42, 27), (-43, 27), (-43, 28), (-44, 28), (-44, 29), (-45, 29), (-45, 30), (-46, 30), (-46, 31), (-47, 31), (-48, 31), (-49, 31), (-49, 32), (-50, 32), (-50, 33), (-51, 33), (-51, 34), (-52, 34), (-52, 35), (-53, 35), (-53, 36), (-54, 36), (-54, 37), (-55, 37), (-55, 38), (-56, 38), (-56, 39), (-57, 39), (-57, 40), (-58, 40), (-58, 41), (-59, 41), (-59, 42), (-60, 42), (-60, 43), (-60, 44), (-60, 45), (-61, 45), (-62, 45)]
37, (-11, -26), [(27, 44), (27, 43), (26, 43), (26, 42), (25, 42), (25, 41), (24, 41), (24, 40), (23, 40), (23, 39), (22, 39), (22, 38), (21, 38), (21, 37), (20, 37), (20, 36), (19, 36), (19, 35), (18, 35), (18, 34), (17, 34), (17, 33), (16, 33), (16, 32), (16, 31), (16, 30), (16, 29), (16, 28), (16, 27), (16, 26), (16, 25), (16, 24), (16, 23), (16, 22), (16, 21), (16, 20), (16, 19), (16, 18)]
42, (-21, -21), [(-7, -11), (-8, -11), (-8, -12), (-9, -12), (-9, -13), (-10, -13), (-10, -14), (-11, -14), (-11, -15), (-12, -15), (-12, -16), (-13, -16), (-13, -17), (-14, -17), (-14, -18), (-15, -18), (-15, -19), (-16, -19), (-16, -20), (-17, -20), (-17, -21), (-18, -21), (-18, -22), (-19, -22), (-19, -23), (-20, -23), (-20, -24), (-21, -24), (-21, -25), (-22, -25), (-22, -26), (-23, -26), (-23, -27), (-23, -28), (-23, -29), (-24, -29), (-24, -30), (-25, -30), (-25, -31), (-26, -31), (-26, -32), (-27, -32), (-28, -32)]
20, (-1, 19), [(92, -1), (91, -1), (91, 0), (91, 1), (91, 2), (91, 3), (91, 4), (91, 5), (91, 6), (91, 7), (91, 8), (91, 9), (91, 10), (91, 11), (91, 12), (91, 13), (91, 14), (91, 15), (91, 16), (91, 17), (91, 18)]
42, (-16, 25), [(-72, -5), (-73, -5), (-73, -4), (-73, -4), (-74, -4), (-74, -3), (-75, -3), (-75, -2), (-76, -2), (-76, -1), (-77, -1), (-77, 0), (-78, 0), (-78, 1), (-79, 1), (-79, 2), (-80, 2), (-80, 3), (-81, 3), (-81, 4), (-82, 4), (-82, 5), (-83, 5), (-83, 6), (-84, 6), (-84, 7), (-85, 7), (-85, 8), (-86, 8), (-86, 9), (-87, 9), (-87, 10), (-88, 10), (-88, 11), (-88, 12), (-88, 13), (-88, 14), (-88, 15), (-88, 16), (-88, 17), (-88, 18), (-88, 19), (-88, 20)]
32, (19, 12), [(16, -57), (17, -57), (17, -56), (18, -56), (18, -55), (19, -55), (19, -54), (20, -54), (20, -54), (20, -53), (21, -53), (21, -52), (22, -52), (22, -51), (23, -51), (23, -50), (24, -50), (24, -49), (25, -49), (25, -48), (26, -48), (26, -47), (27, -47), (27, -46), (28, -46), (28, -45), (29, -45), (30, -45), (31, -45), (32, -45), (33, -45), (34, -45), (35, -45)]
23, (-18, 5), [(31, 21), (31, 22), (30, 22), (30, 23), (29, 23), (29, 24), (28, 24), (28, 25), (27, 25), (26, 25), (25, 25), (24, 25), (23, 25), (22, 25), (21, 25), (21, 26), (20, 26), (19, 26), (18, 26), (17, 26), (16, 26), (15, 26), (14, 26), (13, 26)]
23, (3, 20), [(-62, 45), (-61, 45), (-61, 46), (-60, 46), (-60, 47), (-59, 47), (-59, 48), (-59, 49), (-59, 50), (-59, 51), (-59, 52), (-59, 53), (-59, 54), (-59, 55), (-59, 56), (-59, 57), (-59, 58), (-59, 59), (-59, 60), (-59, 61), (-59, 62), (-59, 63), (-59, 64), (-59, 65)]
32, (19, -12), [(42, 91), (43, 91), (43, 90), (44, 90), (44, 89), (45, 89), (45, 88), (46, 88), (46, 87), (47, 87), (47, 86), (48, 86), (48, 85), (48, 85), (49, 85), (49, 84), (50, 84), (50, 83), (51, 83), (51, 82), (52, 82), (52, 81), (53, 81), (53, 80), (54, 80), (54, 79), (55, 79), (56, 79), (57, 79), (58, 79), (59, 79), (60, 79), (61, 79)]
46, (-20, 26), [(-67, 19), (-67, 20), (-68, 20), (-68, 21), (-69, 21), (-69, 22), (-70, 22), (-70, 23), (-71, 23), (-71, 24), (-71, 25), (-71, 26), (-71, 27), (-71, 28), (-72, 28), (-72, 29), (-73, 29), (-73, 30), (-74, 30), (-74, 31), (-75, 31), (-75, 32), (-76, 32), (-76, 33), (-77, 33), (-77, 34), (-78, 34), (-78, 35), (-79, 35), (-79, 36), (-80, 36), (-80, 37), (-81, 37), (-81, 38), (-82, 38), (-82, 39), (-83, 39), (-83, 40), (-84, 40), (-84, 41), (-85, 41), (-85, 42), (-86, 42), (-86, 43), (-87, 43), (-87, 44), (-87, 45)]
29, (-9, -17), [(16, 18), (15, 18), (15, 17), (14, 17), (14, 16), (13, 16), (13, 15), (12, 15), (12, 14), (11, 14), (11, 13), (10, 13), (10, 12), (9, 12), (9, 11), (8, 11), (8, 10), (7, 10), (7, 9), (7, 8), (7, 7), (7, 6), (7, 5), (7, 4), (7, 4), (7, 4), (7, 4), (7, 3), (7, 2), (7, 1)]
51, (-25, 25), [(79, 83), (79, 84), (78, 84), (77, 84), (76, 84), (75, 84), (74, 84), (74, 85), (73, 85), (73, 86), (72, 86), (72, 87), (71, 87), (71, 88), (70, 88), (70, 89), (69, 89), (69, 90), (68, 90), (68, 91), (67, 91), (67, 92), (66, 92), (66, 93), (65, 93), (65, 94), (64, 94), (64, 95), (63, 95), (63, 96), (62, 96), (62, 97), (61, 97), (61, 98), (60, 98), (60, 99), (59, 99), (59, 100), (59, 100), (58, 100), (58, 101), (57, 101), (57, 102), (56, 102), (56, 103), (55, 103), (55, 104), (54, 104), (54, 105), (54, 106), (54, 107), (54, 108)]
31, (-12, 16), [(-88, 20), (-88, 21), (-89, 21), (-89, 22), (-90, 22), (-90, 23), (-91, 23), (-91, 24), (-92, 24), (-92, 25), (-93, 25), (-93, 26), (-94, 26), (-94, 27), (-95, 27), (-95, 28), (-96, 28), (-96, 29), (-97, 29), (-97, 30), (-98, 30), (-98, 31), (-99, 31), (-99, 32), (-100, 32), (-100, 33), (-100, 34), (-100, 35), (-100, 35), (-100, 35), (-100, 35), (-100, 36)]
41, (15, -23), [(-28, -32), (-28, -33), (-27, -33), (-27, -34), (-26, -34), (-26, -35), (-25, -35), (-25, -35), (-25, -36), (-24, -36), (-24, -37), (-23, -37), (-23, -38), (-22, -38), (-22, -39), (-21, -39), (-21, -40), (-20, -40), (-20, -41), (-19, -41), (-19, -42), (-18, -42), (-18, -43), (-17, -43), (-17, -44), (-16, -44), (-16, -45), (-15, -45), (-15, -46), (-14, -46), (-14, -47), (-13, -47), (-13, -48), (-13, -49), (-14, -49), (-14, -50), (-14, -51), (-14, -52), (-14, -53), (-14, -54), (-14, -55), (-13, -55)]
30, (15, 15), [(13, 26), (14, 26), (14, 27), (15, 27), (15, 28), (16, 28), (16, 29), (17, 29), (17, 30), (18, 30), (18, 31), (19, 31), (19, 32), (20, 32), (20, 33), (21, 33), (21, 34), (22, 34), (22, 35), (23, 35), (23, 36), (24, 36), (24, 37), (24, 38), (24, 39), (25, 39), (25, 40), (26, 40), (26, 41), (27, 41), (28, 41)]
45, (-29, 16), [(91, 18), (90, 18), (90, 19), (89, 19), (89, 20), (88, 20), (88, 21), (87, 21), (87, 22), (86, 22), (86, 23), (85, 23), (85, 24), (85, 25), (85, 26), (84, 26), (84, 27), (83, 27), (83, 28), (82, 28), (82, 29), (81, 29), (81, 30), (80, 30), (80, 31), (79, 31), (79, 32), (78, 32), (78, 33), (77, 33), (77, 34), (76, 34), (75, 34), (74, 34), (73, 34), (72, 34), (71, 34), (70, 34), (69, 34), (68, 34), (67, 34), (66, 34), (65, 34), (64, 34), (63, 34), (62, 34)]
4, (-2, -2), [(62, 34), (61, 34), (61, 33), (60, 33), (60, 32)]
46, (29, -16), [(35, -45), (35, -46), (36, -46), (36, -47), (37, -47), (37, -48), (38, -48), (38, -49), (39, -49), (39, -50), (40, -50), (40, -50), (40, -51), (41, -51), (41, -52), (42, -52), (42, -53), (43, -53), (43, -54), (44, -54), (44, -55), (45, -55), (45, -56), (46, -56), (46, -57), (47, -57), (47, -58), (48, -58), (48, -59), (49, -59), (49, -60), (50, -60), (50, -61), (51, -61), (52, -61), (53, -61), (54, -61), (55, -61), (56, -61), (57, -61), (58, -61), (59, -61), (60, -61), (61, -61), (62, -61), (63, -61), (64, -61)]
29, (14, 15), [(-87, 45), (-87, 46), (-86, 46), (-86, 47), (-85, 47), (-85, 48), (-84, 48), (-83, 48), (-82, 48), (-82, 49), (-81, 49), (-81, 50), (-80, 50), (-80, 51), (-79, 51), (-79, 52), (-78, 52), (-78, 53), (-77, 53), (-77, 54), (-76, 54), (-76, 55), (-75, 55), (-75, 56), (-74, 56), (-74, 57), (-73, 57), (-73, 58), (-73, 59), (-73, 60)]
36, (11, -22), [(-59, 65), (-59, 64), (-58, 64), (-58, 63), (-57, 63), (-56, 63), (-55, 63), (-55, 62), (-54, 62), (-54, 61), (-53, 61), (-53, 60), (-52, 60), (-52, 59), (-51, 59), (-51, 58), (-50, 58), (-50, 57), (-49, 57), (-49, 56), (-48, 56), (-48, 55), (-48, 54), (-48, 53), (-48, 53), (-48, 53), (-48, 53), (-48, 52), (-48, 51), (-48, 50), (-48, 49), (-48, 48), (-48, 47), (-48, 46), (-48, 45), (-48, 44), (-48, 43)]
40, (-24, -11), [(61, 79), (60, 79), (60, 78), (59, 78), (59, 77), (58, 77), (58, 76), (57, 76), (57, 75), (56, 75), (56, 74), (55, 74), (55, 73), (54, 73), (54, 72), (53, 72), (53, 71), (52, 71), (52, 70), (51, 70), (51, 69), (50, 69), (50, 68), (49, 68), (48, 68), (47, 68), (46, 68), (45, 68), (44, 68), (43, 68), (42, 68), (42, 69), (41, 69), (40, 69), (39, 69), (38, 69), (37, 69), (37, 69), (37, 69), (37, 69), (37, 68)]
29, (4, -25), [(54, 108), (54, 107), (55, 107), (55, 106), (56, 106), (56, 105), (57, 105), (57, 104), (58, 104), (58, 103), (58, 102), (58, 101), (58, 100), (58, 99), (58, 98), (58, 97), (58, 96), (58, 95), (58, 94), (58, 93), (58, 92), (58, 91), (58, 90), (58, 89), (58, 88), (58, 87), (58, 86), (58, 85), (58, 84), (58, 83)]
30, (-27, -3), [(-100, 36), (-100, 35), (-100, 34), (-101, 34), (-101, 33), (-102, 33), (-103, 33), (-104, 33), (-105, 33), (-106, 33), (-107, 33), (-108, 33), (-109, 33), (-110, 33), (-111, 33), (-112, 33), (-113, 33), (-114, 33), (-115, 33), (-116, 33), (-117, 33), (-118, 33), (-119, 33), (-120, 33), (-121, 33), (-122, 33), (-123, 33), (-124, 33), (-125, 33), (-126, 33), (-127, 33)]
44, (19, -19), [(7, 1), (7, 1), (7, 1), (7, 1), (7, 0), (7, -1), (7, -2), (8, -2), (8, -3), (9, -3), (9, -4), (10, -4), (10, -5), (11, -5), (11, -6), (12, -6), (12, -7), (13, -7), (13, -8), (14, -8), (14, -9), (15, -9), (15, -10), (16, -10), (16, -11), (17, -11), (17, -12), (18, -12), (18, -13), (19, -13), (19, -14), (20, -14), (20, -15), (21, -15), (21, -16), (22, -16), (23, -16), (24, -16), (25, -16), (26, -16), (26, -17), (26, -17), (26, -17), (26, -17), (26, -18)]
27, (-6, 19), [(60, 32), (60, 33), (59, 33), (59, 34), (58, 34), (58, 35), (57, 35), (57, 36), (56, 36), (56, 37), (55, 37), (55, 38), (54, 38), (54, 39), (54, 40), (54, 41), (54, 42), (54, 43), (55, 43), (55, 44), (55, 45), (55, 46), (55, 47), (55, 48), (55, 49), (55, 50), (54, 50), (54, 51)]
39, (30, -7), [(28, 41), (29, 41), (29, 40), (30, 40), (30, 39), (31, 39), (31, 38), (31, 38), (32, 38), (32, 37), (33, 37), (33, 36), (34, 36), (34, 35), (35, 35), (35, 34), (36, 34), (37, 34), (38, 34), (39, 34), (40, 34), (41, 34), (42, 34), (43, 34), (44, 34), (45, 34), (46, 34), (47, 34), (48, 34), (49, 34), (50, 34), (51, 34), (52, 34), (53, 34), (53, 34), (54, 34), (55, 34), (56, 34), (57, 34), (58, 34)]
4, (-4, 0), [(54, 51), (53, 51), (52, 51), (51, 51), (50, 51)]
33, (-1, 28), [(-73, 60), (-74, 60), (-74, 61), (-74, 62), (-74, 63), (-74, 64), (-74, 65), (-74, 66), (-74, 67), (-74, 68), (-74, 69), (-74, 70), (-74, 71), (-74, 72), (-74, 73), (-73, 73), (-73, 74), (-73, 75), (-73, 76), (-73, 77), (-73, 78), (-72, 78), (-72, 79), (-72, 80), (-72, 81), (-72, 82), (-72, 83), (-73, 83), (-73, 84), (-74, 84), (-74, 85), (-74, 86), (-74, 87), (-74, 88)]
35, (-9, -26), [(-48, 43), (-48, 42), (-49, 42), (-49, 41), (-50, 41), (-50, 40), (-51, 40), (-51, 39), (-52, 39), (-52, 38), (-53, 38), (-53, 37), (-54, 37), (-54, 36), (-55, 36), (-55, 35), (-56, 35), (-56, 34), (-57, 34), (-57, 33), (-57, 32), (-57, 31), (-57, 30), (-57, 29), (-57, 28), (-57, 27), (-57, 26), (-57, 25), (-57, 24), (-57, 23), (-57, 22), (-57, 21), (-57, 20), (-57, 19), (-57, 18), (-57, 17)]
49, (16, 28), [(-13, -55), (-14, -55), (-14, -54), (-14, -53), (-14, -52), (-14, -51), (-13, -51), (-13, -50), (-12, -50), (-12, -49), (-11, -49), (-11, -48), (-10, -48), (-10, -47), (-9, -47), (-9, -46), (-8, -46), (-8, -45), (-7, -45), (-7, -44), (-7, -43), (-6, -43), (-6, -43), (-6, -43), (-6, -43), (-5, -43), (-4, -43), (-3, -43), (-3, -42), (-2, -42), (-1, -42), (0, -42), (0, -41), (1, -41), (1, -40), (2, -40), (2, -39), (3, -39), (3, -38), (3, -37), (3, -36), (3, -35), (3, -34), (3, -33), (3, -32), (3, -31), (3, -30), (3, -29), (3, -28), (3, -27)]
41, (-27, -14), [(64, -61), (64, -62), (63, -62), (63, -63), (62, -63), (62, -64), (61, -64), (61, -65), (60, -65), (60, -66), (59, -66), (59, -67), (58, -67), (58, -68), (57, -68), (57, -69), (56, -69), (56, -70), (55, -70), (55, -71), (54, -71), (54, -72), (53, -72), (53, -73), (52, -73), (52, -74), (51, -74), (51, -75), (50, -75), (49, -75), (48, -75), (47, -75), (46, -75), (45, -75), (44, -75), (43, -75), (42, -75), (41, -75), (40, -75), (39, -75), (38, -75), (37, -75)]
23, (5, 18), [(26, -18), (26, -17), (27, -17), (27, -16), (28, -16), (28, -15), (29, -15), (29, -14), (30, -14), (30, -13), (31, -13), (31, -12), (31, -11), (31, -10), (31, -9), (31, -8), (31, -7), (31, -6), (31, -5), (31, -4), (31, -3), (31, -2), (31, -1), (31, 0)]
36, (-23, -13), [(37, 68), (37, 67), (36, 67), (36, 66), (35, 66), (35, 65), (34, 65), (34, 64), (33, 64), (33, 63), (32, 63), (32, 62), (31, 62), (31, 61), (30, 61), (30, 60), (29, 60), (29, 59), (28, 59), (28, 58), (27, 58), (27, 57), (26, 57), (26, 56), (25, 56), (25, 55), (24, 55), (23, 55), (22, 55), (21, 55), (20, 55), (19, 55), (18, 55), (17, 55), (16, 55), (15, 55), (14, 55)]
8, (9, 1), [(-57, 17), (-57, 18), (-56, 18), (-55, 18), (-54, 18), (-53, 18), (-52, 18), (-51, 18), (-50, 18)]
8, (-5, 3), [(37, -75), (37, -74), (36, -74), (36, -73), (35, -73), (35, -72), (34, -72), (33, -72), (32, -72)]
13, (-1, -12), [(3, -27), (2, -27), (2, -28), (2, -29), (2, -30), (2, -31), (2, -32), (2, -33), (2, -34), (2, -35), (2, -36), (2, -37), (2, -38), (2, -39)]
42, (-23, 19), [(58, 83), (57, 83), (57, 84), (56, 84), (56, 85), (55, 85), (55, 86), (54, 86), (54, 87), (53, 87), (53, 88), (52, 88), (52, 89), (51, 89), (51, 90), (50, 90), (50, 91), (49, 91), (49, 92), (48, 92), (48, 93), (47, 93), (47, 94), (46, 94), (46, 95), (45, 95), (45, 96), (44, 96), (44, 97), (43, 97), (43, 98), (42, 98), (42, 99), (41, 99), (41, 100), (40, 100), (39, 100), (38, 100), (38, 101), (37, 101), (37, 102), (36, 102), (35, 102)]
41, (21, 15), [(-127, 33), (-127, 34), (-126, 34), (-126, 35), (-125, 35), (-125, 36), (-124, 36), (-124, 37), (-123, 37), (-123, 38), (-122, 38), (-122, 39), (-122, 40), (-122, 41), (-121, 41), (-121, 42), (-120, 42), (-120, 43), (-119, 43), (-119, 44), (-118, 44), (-118, 45), (-117, 45), (-117, 46), (-116, 46), (-116, 47), (-115, 47), (-115, 48), (-115, 49), (-114, 49), (-114, 49), (-114, 49), (-114, 49), (-113, 49), (-112, 49), (-111, 49), (-110, 49), (-109, 49), (-109, 48), (-108, 48), (-107, 48), (-106, 48)]
28, (2, -21), [(50, 51), (50, 50), (49, 50), (49, 49), (49, 48), (49, 48), (49, 48), (49, 48), (49, 47), (49, 46), (50, 46), (50, 45), (51, 45), (51, 44), (52, 44), (52, 43), (52, 42), (52, 41), (52, 40), (52, 39), (52, 38), (52, 37), (52, 36), (52, 35), (52, 34), (52, 33), (52, 32), (52, 31), (52, 30)]
21, (18, -3), [(31, 0), (32, 0), (32, -1), (33, -1), (33, -2), (34, -2), (34, -3), (35, -3), (36, -3), (37, -3), (38, -3), (39, -3), (40, -3), (41, -3), (42, -3), (43, -3), (44, -3), (45, -3), (46, -3), (47, -3), (48, -3), (49, -3)]
25, (-24, -1), [(-50, 18), (-51, 18), (-51, 17), (-52, 17), (-53, 17), (-54, 17), (-55, 17), (-56, 17), (-57, 17), (-58, 17), (-59, 17), (-60, 17), (-61, 17), (-62, 17), (-63, 17), (-64, 17), (-65, 17), (-66, 17), (-67, 17), (-68, 17), (-69, 17), (-70, 17), (-71, 17), (-72, 17), (-73, 17), (-74, 17)]
44, (28, 12), [(58, 34), (58, 35), (59, 35), (59, 36), (60, 36), (60, 37), (61, 37), (61, 38), (62, 38), (62, 39), (63, 39), (63, 40), (64, 40), (64, 41), (65, 41), (65, 42), (66, 42), (67, 42), (68, 42), (69, 42), (70, 42), (71, 42), (72, 42), (72, 43), (73, 43), (73, 44), (74, 44), (74, 45), (75, 45), (75, 46), (76, 46), (77, 46), (78, 46), (79, 46), (80, 46), (81, 46), (82, 46), (82, 46), (83, 46), (84, 46), (85, 46), (85, 46), (85, 46), (85, 46), (86, 46)]
51, (22, -29), [(-74, 88), (-74, 87), (-73, 87), (-73, 86), (-72, 86), (-72, 85), (-71, 85), (-71, 84), (-70, 84), (-70, 83), (-69, 83), (-69, 82), (-68, 82), (-68, 81), (-67, 81), (-67, 80), (-66, 80), (-66, 79), (-65, 79), (-65, 78), (-64, 78), (-64, 77), (-63, 77), (-63, 76), (-62, 76), (-62, 75), (-61, 75), (-61, 74), (-60, 74), (-60, 73), (-59, 73), (-59, 72), (-58, 72), (-58, 71), (-57, 71), (-57, 70), (-56, 70), (-56, 69), (-55, 69), (-55, 68), (-54, 68), (-54, 67), (-53, 67), (-53, 66), (-52, 66), (-52, 65), (-52, 64), (-52, 63), (-52, 62), (-52, 61), (-52, 60), (-52, 59)]
29, (-18, -10), [(52, 30), (51, 30), (51, 29), (50, 29), (50, 28), (49, 28), (49, 27), (48, 27), (48, 26), (47, 26), (47, 25), (46, 25), (46, 24), (46, 24), (45, 24), (45, 23), (44, 23), (44, 22), (43, 22), (43, 21), (42, 21), (42, 20), (41, 20), (40, 20), (39, 20), (38, 20), (37, 20), (36, 20), (35, 20), (34, 20)]
36, (17, 19), [(35, 102), (36, 102), (36, 103), (37, 103), (37, 104), (37, 105), (37, 106), (38, 106), (38, 107), (39, 107), (39, 108), (40, 108), (40, 109), (41, 109), (41, 110), (42, 110), (42, 111), (43, 111), (43, 112), (44, 112), (44, 113), (45, 113), (45, 114), (46, 114), (46, 115), (47, 115), (47, 116), (48, 116), (48, 117), (49, 117), (49, 118), (50, 118), (50, 119), (51, 119), (51, 120), (52, 120), (52, 121)]
43, (-10, -30), [(14, 55), (14, 54), (14, 54), (13, 54), (13, 53), (12, 53), (12, 52), (11, 52), (11, 51), (10, 51), (10, 50), (9, 50), (9, 49), (8, 49), (7, 49), (6, 49), (6, 48), (5, 48), (5, 47), (4, 47), (4, 46), (4, 45), (4, 44), (4, 43), (4, 42), (4, 41), (5, 41), (5, 40), (5, 39), (4, 39), (4, 38), (4, 37), (4, 36), (4, 35), (4, 34), (4, 33), (4, 32), (4, 31), (4, 30), (4, 29), (4, 28), (4, 27), (4, 26), (4, 25)]
41, (14, -27), [(-106, 48), (-106, 47), (-105, 47), (-105, 46), (-104, 46), (-104, 45), (-103, 45), (-103, 44), (-102, 44), (-102, 43), (-101, 43), (-101, 42), (-100, 42), (-100, 41), (-99, 41), (-99, 40), (-98, 40), (-98, 39), (-97, 39), (-97, 38), (-96, 38), (-96, 37), (-95, 37), (-95, 36), (-94, 36), (-94, 35), (-93, 35), (-93, 34), (-92, 34), (-92, 33), (-92, 32), (-92, 31), (-92, 30), (-92, 29), (-92, 28), (-92, 27), (-92, 26), (-92, 25), (-92, 24), (-92, 23), (-92, 22), (-92, 21)]
46, (-29, 16), [(32, -72), (32, -71), (31, -71), (31, -70), (30, -70), (30, -69), (29, -69), (29, -68), (28, -68), (28, -67), (27, -67), (27, -66), (26, -66), (26, -65), (25, -65), (25, -64), (25, -64), (24, -64), (24, -63), (23, -63), (23, -62), (22, -62), (22, -61), (21, -61), (21, -60), (20, -60), (20, -59), (19, -59), (19, -58), (18, -58), (18, -57), (17, -57), (17, -56), (16, -56), (15, -56), (14, -56), (13, -56), (12, -56), (11, -56), (10, -56), (9, -56), (8, -56), (7, -56), (6, -56), (5, -56), (4, -56), (3, -56)]
51, (-21, -26), [(2, -39), (2, -40), (1, -40), (1, -40), (1, -41), (0, -41), (0, -42), (-1, -42), (-1, -43), (-2, -43), (-2, -44), (-3, -44), (-3, -45), (-4, -45), (-4, -46), (-5, -46), (-5, -47), (-6, -47), (-6, -48), (-7, -48), (-7, -49), (-8, -49), (-8, -50), (-9, -50), (-9, -51), (-10, -51), (-10, -52), (-11, -52), (-12, -52), (-13, -52), (-14, -52), (-15, -52), (-15, -53), (-16, -53), (-16, -54), (-17, -54), (-17, -55), (-18, -55), (-18, -56), (-19, -56), (-19, -57), (-19, -58), (-19, -59), (-19, -60), (-19, -61), (-19, -61), (-19, -61), (-19, -61), (-19, -62), (-19, -63), (-19, -64), (-19, -65)]
34, (28, -5), [(-74, 17), (-74, 17), (-73, 17), (-73, 16), (-72, 16), (-72, 15), (-71, 15), (-71, 14), (-70, 14), (-70, 13), (-69, 13), (-69, 12), (-68, 12), (-67, 12), (-66, 12), (-65, 12), (-64, 12), (-63, 12), (-62, 12), (-61, 12), (-60, 12), (-59, 12), (-58, 12), (-57, 12), (-56, 12), (-55, 12), (-54, 12), (-53, 12), (-52, 12), (-51, 12), (-50, 12), (-49, 12), (-48, 12), (-47, 12), (-46, 12)]
4, (-2, -2), [(-19, -65), (-20, -65), (-20, -66), (-21, -66), (-21, -67)]
13, (11, 2), [(-92, 21), (-91, 21), (-91, 22), (-90, 22), (-90, 23), (-89, 23), (-88, 23), (-87, 23), (-86, 23), (-85, 23), (-84, 23), (-83, 23), (-82, 23), (-81, 23)]
25, (9, 16), [(34, 20), (34, 21), (35, 21), (35, 22), (36, 22), (36, 23), (37, 23), (37, 24), (38, 24), (38, 25), (39, 25), (39, 26), (40, 26), (40, 27), (41, 27), (41, 28), (42, 28), (42, 29), (43, 29), (43, 30), (43, 31), (43, 32), (43, 33), (43, 34), (43, 35), (43, 36)]
41, (-13, -28), [(86, 46), (85, 46), (85, 45), (84, 45), (84, 44), (83, 44), (83, 43), (82, 43), (82, 42), (81, 42), (81, 41), (80, 41), (80, 40), (79, 40), (79, 39), (78, 39), (78, 38), (77, 38), (77, 37), (76, 37), (76, 36), (75, 36), (75, 35), (74, 35), (74, 34), (73, 34), (73, 33), (73, 32), (73, 31), (73, 30), (73, 29), (73, 28), (73, 27), (73, 26), (73, 25), (73, 24), (73, 23), (73, 22), (73, 21), (73, 20), (73, 19), (73, 18)]
52, (23, 28), [(49, -3), (49, -2), (50, -2), (50, -1), (51, -1), (51, 0), (52, 0), (52, 1), (53, 1), (53, 2), (54, 2), (54, 3), (55, 3), (55, 4), (56, 4), (56, 5), (57, 5), (57, 6), (58, 6), (58, 7), (59, 7), (59, 8), (60, 8), (60, 9), (61, 9), (61, 10), (62, 10), (62, 11), (63, 11), (63, 12), (64, 12), (64, 13), (65, 13), (65, 14), (65, 15), (65, 16), (66, 16), (66, 17), (67, 17), (67, 18), (68, 18), (68, 19), (69, 19), (69, 20), (70, 20), (70, 21), (71, 21), (71, 22), (72, 22), (72, 23), (72, 24), (72, 24), (72, 25)]
35, (-30, 4), [(4, 25), (3, 25), (3, 26), (2, 26), (2, 27), (1, 27), (1, 28), (0, 28), (0, 29), (-1, 29), (-2, 29), (-3, 29), (-4, 29), (-5, 29), (-6, 29), (-7, 29), (-8, 29), (-9, 29), (-10, 29), (-11, 29), (-12, 29), (-13, 29), (-14, 29), (-15, 29), (-16, 29), (-17, 29), (-17, 29), (-18, 29), (-19, 29), (-20, 29), (-21, 29), (-22, 29), (-23, 29), (-24, 29), (-25, 29), (-26, 29)]
20, (17, -2), [(-81, 23), (-81, 22), (-80, 22), (-80, 21), (-80, 21), (-79, 21), (-78, 21), (-77, 21), (-76, 21), (-75, 21), (-74, 21), (-73, 21), (-72, 21), (-71, 21), (-70, 21), (-69, 21), (-68, 21), (-67, 21), (-66, 21), (-65, 21), (-64, 21)]
21, (11, 10), [(-21, -67), (-21, -66), (-20, -66), (-20, -65), (-19, -65), (-19, -64), (-19, -63), (-19, -62), (-19, -61), (-19, -60), (-18, -60), (-18, -59), (-17, -59), (-17, -58), (-16, -58), (-16, -57), (-15, -57), (-14, -57), (-13, -57), (-12, -57), (-11, -57), (-10, -57)]
45, (-26, -19), [(52, 121), (52, 120), (51, 120), (51, 119), (50, 119), (50, 118), (49, 118), (49, 117), (48, 117), (48, 116), (47, 116), (47, 115), (46, 115), (46, 114), (45, 114), (45, 113), (44, 113), (44, 112), (43, 112), (43, 111), (42, 111), (42, 110), (41, 110), (41, 109), (40, 109), (40, 108), (39, 108), (39, 107), (38, 107), (38, 106), (37, 106), (37, 105), (36, 105), (36, 104), (35, 104), (35, 103), (34, 103), (34, 102), (33, 102), (32, 102), (31, 102), (30, 102), (29, 102), (28, 102), (27, 102), (26, 102)]
50, (-22, -26), [(-52, 59), (-52, 58), (-53, 58), (-53, 57), (-54, 57), (-54, 56), (-55, 56), (-55, 55), (-56, 55), (-56, 54), (-57, 54), (-57, 53), (-58, 53), (-58, 52), (-59, 52), (-59, 51), (-60, 51), (-60, 50), (-61, 50), (-61, 49), (-62, 49), (-62, 48), (-63, 48), (-63, 47), (-64, 47), (-64, 46), (-65, 46), (-65, 45), (-66, 45), (-66, 44), (-66, 44), (-67, 44), (-67, 43), (-68, 43), (-68, 42), (-69, 42), (-69, 41), (-70, 41), (-70, 40), (-71, 40), (-71, 40), (-71, 39), (-72, 39), (-73, 39), (-74, 39), (-74, 38), (-74, 37), (-74, 36), (-74, 35), (-74, 34), (-74, 33)]
33, (17, 12), [(-46, 12), (-46, 13), (-45, 13), (-45, 14), (-44, 14), (-44, 15), (-43, 15), (-43, 16), (-42, 16), (-42, 17), (-41, 17), (-41, 18), (-40, 18), (-40, 19), (-39, 19), (-39, 20), (-38, 20), (-38, 21), (-37, 21), (-37, 22), (-36, 22), (-36, 23), (-35, 23), (-35, 24), (-34, 24), (-33, 24), (-33, 24), (-32, 24), (-31, 24), (-31, 24), (-31, 24), (-31, 24), (-30, 24), (-29, 24)]
12, (0, 10), [(-10, -57), (-9, -57), (-9, -56), (-9, -55), (-9, -54), (-9, -53), (-9, -52), (-10, -52), (-10, -51), (-10, -50), (-10, -49), (-10, -48), (-10, -47)]
13, (-5, -8), [(-64, 21), (-64, 20), (-65, 20), (-65, 19), (-66, 19), (-66, 18), (-67, 18), (-67, 17), (-68, 17), (-68, 16), (-69, 16), (-69, 15), (-69, 14), (-69, 13)]
29, (-16, -10), [(43, 36), (43, 35), (42, 35), (42, 34), (41, 34), (41, 33), (40, 33), (40, 32), (39, 32), (39, 31), (38, 31), (38, 30), (37, 30), (37, 29), (36, 29), (36, 28), (35, 28), (35, 27), (34, 27), (34, 26), (33, 26), (32, 26), (31, 26), (30, 26), (29, 26), (28, 26), (28, 26), (28, 26), (28, 26), (27, 26)]
51, (22, -29), [(3, -56), (4, -56), (4, -57), (5, -57), (5, -58), (6, -58), (6, -59), (7, -59), (7, -60), (8, -60), (8, -61), (9, -61), (9, -62), (10, -62), (10, -63), (11, -63), (11, -64), (12, -64), (12, -65), (13, -65), (13, -66), (14, -66), (14, -67), (15, -67), (15, -68), (16, -68), (16, -69), (17, -69), (17, -70), (18, -70), (18, -71), (19, -71), (19, -72), (20, -72), (20, -73), (21, -73), (21, -74), (22, -74), (22, -75), (23, -75), (23, -76), (24, -76), (24, -77), (25, -77), (25, -78), (25, -79), (25, -80), (25, -81), (25, -82), (25, -83), (25, -84), (25, -85)]
30, (22, 0), [(72, 25), (73, 25), (74, 25), (75, 25), (75, 24), (76, 24), (77, 24), (77, 24), (77, 24), (77, 24), (78, 24), (79, 24), (80, 24), (80, 23), (81, 23), (82, 23), (83, 23), (84, 23), (85, 23), (85, 24), (86, 24), (86, 25), (87, 25), (88, 25), (89, 25), (90, 25), (91, 25), (91, 25), (92, 25), (93, 25), (94, 25)]
7, (-5, 0), [(27, 26), (27, 25), (26, 25), (25, 25), (24, 25), (23, 25), (22, 25), (22, 26)]
39, (-11, -25), [(73, 18), (73, 17), (72, 17), (72, 16), (71, 16), (71, 15), (70, 15), (71, 15), (71, 14), (71, 13), (71, 12), (71, 11), (70, 11), (70, 10), (69, 10), (69, 9), (68, 9), (68, 8), (67, 8), (67, 7), (66, 7), (66, 6), (65, 6), (65, 5), (64, 5), (64, 4), (63, 4), (63, 3), (62, 3), (62, 2), (62, 1), (62, 0), (62, -1), (62, -2), (62, -3), (62, -3), (62, -4), (62, -5), (62, -6), (62, -7)]
19, (-15, 4), [(-29, 24), (-30, 24), (-30, 25), (-31, 25), (-31, 26), (-32, 26), (-32, 27), (-33, 27), (-33, 28), (-34, 28), (-35, 28), (-36, 28), (-37, 28), (-38, 28), (-39, 28), (-40, 28), (-41, 28), (-42, 28), (-43, 28), (-44, 28)]
4, (-2, -2), [(-44, 28), (-45, 28), (-45, 27), (-46, 27), (-46, 26)]
24, (8, 16), [(-10, -47), (-9, -47), (-9, -46), (-8, -46), (-8, -45), (-8, -44), (-8, -43), (-8, -42), (-8, -41), (-8, -40), (-8, -39), (-8, -38), (-8, -37), (-8, -36), (-8, -35), (-7, -35), (-7, -34), (-6, -34), (-6, -33), (-5, -33), (-5, -32), (-4, -32), (-4, -31), (-3, -31), (-2, -31)]
45, (26, 16), [(-26, 29), (-25, 29), (-25, 30), (-24, 30), (-24, 31), (-23, 31), (-23, 32), (-22, 32), (-22, 33), (-21, 33), (-21, 34), (-20, 34), (-20, 35), (-19, 35), (-19, 36), (-19, 36), (-19, 36), (-19, 36), (-18, 36), (-18, 37), (-17, 37), (-17, 38), (-16, 38), (-16, 39), (-15, 39), (-15, 40), (-14, 40), (-14, 41), (-13, 41), (-13, 42), (-12, 42), (-11, 42), (-10, 42), (-10, 43), (-9, 43), (-9, 44), (-8, 44), (-8, 45), (-7, 45), (-6, 45), (-5, 45), (-4, 45), (-3, 45), (-2, 45), (-1, 45), (0, 45)]
24, (14, 9), [(25, -85), (25, -84), (26, -84), (26, -83), (27, -83), (27, -82), (28, -82), (28, -81), (29, -81), (29, -80), (30, -80), (30, -79), (31, -79), (31, -78), (32, -78), (32, -77), (33, -77), (33, -76), (34, -76), (34, -76), (35, -76), (36, -76), (37, -76), (38, -76), (39, -76)]
47, (-29, 18), [(-74, 33), (-75, 33), (-75, 34), (-76, 34), (-76, 35), (-77, 35), (-77, 36), (-78, 36), (-78, 37), (-79, 37), (-79, 38), (-80, 38), (-80, 39), (-81, 39), (-81, 40), (-82, 40), (-82, 41), (-83, 41), (-83, 42), (-84, 42), (-84, 43), (-85, 43), (-85, 44), (-86, 44), (-86, 45), (-87, 45), (-87, 46), (-88, 46), (-88, 47), (-89, 47), (-89, 48), (-90, 48), (-90, 49), (-90, 50), (-90, 51), (-91, 51), (-92, 51), (-93, 51), (-94, 51), (-95, 51), (-96, 51), (-97, 51), (-98, 51), (-99, 51), (-100, 51), (-101, 51), (-102, 51), (-103, 51)]
43, (-15, -28), [(-69, 13), (-70, 13), (-70, 12), (-71, 12), (-71, 11), (-72, 11), (-72, 10), (-73, 10), (-73, 9), (-74, 9), (-74, 8), (-75, 8), (-75, 7), (-76, 7), (-76, 6), (-77, 6), (-77, 5), (-78, 5), (-78, 4), (-79, 4), (-79, 3), (-80, 3), (-80, 2), (-81, 2), (-81, 1), (-82, 1), (-82, 0), (-83, 0), (-83, -1), (-84, -1), (-84, -2), (-84, -3), (-84, -4), (-84, -5), (-84, -6), (-84, -7), (-84, -8), (-84, -9), (-84, -10), (-84, -11), (-84, -12), (-84, -13), (-84, -14), (-84, -15)]
35, (-11, 23), [(22, 26), (22, 27), (21, 27), (21, 28), (20, 28), (20, 29), (19, 29), (19, 30), (18, 30), (18, 31), (17, 31), (17, 32), (16, 32), (16, 33), (15, 33), (15, 34), (14, 34), (14, 35), (13, 35), (13, 36), (12, 36), (12, 37), (11, 37), (11, 38), (11, 39), (11, 40), (11, 41), (11, 42), (11, 43), (11, 44), (11, 45), (11, 46), (11, 47), (11, 48), (11, 48), (11, 49)]
34, (8, 26), [(62, -7), (63, -7), (63, -6), (64, -6), (64, -5), (65, -5), (65, -4), (65, -3), (65, -2), (65, -1), (65, 0), (65, 1), (65, 2), (65, 3), (65, 4), (65, 5), (65, 6), (65, 7), (65, 8), (65, 9), (65, 10), (65, 11), (65, 12), (65, 13), (65, 14), (65, 15), (65, 16), (66, 16), (66, 17), (67, 17), (67, 18), (68, 18), (68, 19), (69, 19), (70, 19)]
55, (-25, -28), [(26, 102), (25, 102), (25, 101), (24, 101), (24, 100), (23, 100), (23, 99), (22, 99), (22, 98), (21, 98), (21, 97), (20, 97), (20, 96), (19, 96), (19, 95), (18, 95), (18, 94), (17, 94), (17, 93), (16, 93), (16, 92), (15, 92), (15, 91), (14, 91), (14, 90), (13, 90), (13, 89), (12, 89), (12, 88), (11, 88), (11, 87), (10, 87), (10, 86), (9, 86), (9, 85), (9, 84), (9, 84), (9, 83), (9, 82), (9, 81), (8, 81), (8, 80), (7, 80), (7, 79), (6, 79), (6, 78), (5, 78), (5, 77), (4, 77), (4, 76), (3, 76), (3, 75), (2, 75), (2, 74), (2, 74), (1, 74)]
26, (0, -22), [(-2, -31), (-1, -31), (-1, -32), (0, -32), (0, -33), (0, -34), (0, -35), (0, -36), (0, -37), (0, -38), (0, -39), (0, -40), (0, -41), (0, -42), (-1, -42), (-1, -43), (-2, -43), (-2, -44), (-2, -45), (-2, -46), (-2, -47), (-2, -48), (-2, -49), (-2, -50), (-2, -51), (-2, -52), (-2, -53)]
27, (-6, -20), [(0, 45), (0, 44), (-1, 44), (-1, 43), (-2, 43), (-2, 42), (-3, 42), (-3, 41), (-4, 41), (-4, 40), (-5, 40), (-5, 39), (-6, 39), (-6, 38), (-6, 37), (-6, 36), (-6, 35), (-6, 34), (-6, 34), (-6, 33), (-6, 32), (-6, 31), (-6, 30), (-6, 29), (-6, 28), (-6, 27), (-6, 26), (-6, 25)]
16, (-13, -3), [(-84, -15), (-84, -16), (-85, -16), (-85, -17), (-86, -17), (-86, -18), (-87, -18), (-88, -18), (-89, -18), (-90, -18), (-91, -18), (-92, -18), (-93, -18), (-94, -18), (-95, -18), (-96, -18), (-97, -18)]
32, (-25, 6), [(39, -76), (38, -76), (38, -75), (37, -75), (37, -74), (36, -74), (36, -73), (35, -73), (35, -72), (34, -72), (34, -71), (33, -71), (33, -70), (32, -70), (31, -70), (30, -70), (30, -70), (29, -70), (28, -70), (27, -70), (26, -70), (25, -70), (24, -70), (23, -70), (22, -70), (21, -70), (20, -70), (19, -70), (18, -70), (17, -70), (16, -70), (15, -70), (14, -70)]
58, (-26, 26), [(94, 25), (93, 25), (93, 26), (92, 26), (92, 27), (91, 27), (91, 28), (90, 28), (90, 29), (89, 29), (89, 30), (88, 30), (88, 31), (87, 31), (87, 32), (86, 32), (86, 33), (85, 33), (84, 33), (83, 33), (83, 34), (82, 34), (82, 35), (81, 35), (81, 36), (80, 36), (80, 37), (79, 37), (79, 37), (79, 37), (79, 37), (79, 38), (78, 38), (78, 39), (77, 39), (77, 40), (76, 40), (76, 41), (75, 41), (75, 42), (74, 42), (74, 43), (73, 43), (73, 44), (72, 44), (72, 45), (72, 46), (72, 47), (71, 47), (71, 48), (71, 48), (71, 48), (71, 48), (71, 49), (71, 50), (70, 50), (70, 51), (69, 51), (68, 51)]
21, (13, 8), [(11, 49), (11, 50), (12, 50), (12, 51), (13, 51), (13, 52), (13, 53), (13, 54), (14, 54), (14, 55), (15, 55), (15, 56), (16, 56), (16, 57), (17, 57), (18, 57), (19, 57), (20, 57), (21, 57), (22, 57), (23, 57), (24, 57)]
29, (-15, -14), [(-103, 51), (-104, 51), (-104, 50), (-105, 50), (-105, 49), (-106, 49), (-106, 48), (-107, 48), (-107, 47), (-108, 47), (-108, 46), (-108, 45), (-108, 44), (-109, 44), (-109, 43), (-110, 43), (-110, 42), (-111, 42), (-111, 41), (-112, 41), (-112, 40), (-113, 40), (-113, 39), (-114, 39), (-114, 38), (-115, 38), (-115, 37), (-116, 37), (-117, 37), (-118, 37)]
24, (20, 0), [(1, 74), (2, 74), (3, 74), (4, 74), (4, 74), (5, 74), (6, 74), (7, 74), (8, 74), (9, 74), (10, 74), (11, 74), (12, 74), (13, 74), (14, 74), (15, 74), (16, 74), (17, 74), (18, 74), (19, 74), (19, 74), (19, 74), (19, 74), (20, 74), (21, 74)]
54, (30, -24), [(-46, 26), (-46, 25), (-45, 25), (-45, 24), (-44, 24), (-44, 23), (-43, 23), (-43, 22), (-42, 22), (-42, 21), (-41, 21), (-41, 20), (-40, 20), (-40, 19), (-39, 19), (-39, 18), (-38, 18), (-38, 17), (-37, 17), (-37, 16), (-36, 16), (-36, 15), (-35, 15), (-35, 14), (-34, 14), (-34, 13), (-33, 13), (-33, 12), (-32, 12), (-32, 11), (-31, 11), (-31, 10), (-30, 10), (-30, 9), (-29, 9), (-29, 8), (-28, 8), (-28, 7), (-27, 7), (-27, 6), (-26, 6), (-26, 5), (-25, 5), (-25, 4), (-24, 4), (-24, 3), (-23, 3), (-22, 3), (-21, 3), (-20, 3), (-19, 3), (-18, 3), (-17, 3), (-17, 2), (-16, 2)]
39, (9, 30), [(70, 19), (71, 19), (71, 20), (72, 20), (72, 21), (73, 21), (73, 22), (74, 22), (74, 23), (75, 23), (75, 24), (76, 24), (76, 25), (76, 26), (76, 27), (77, 27), (77, 28), (78, 28), (78, 29), (78, 30), (78, 31), (78, 32), (78, 33), (78, 34), (78, 35), (79, 35), (79, 36), (79, 37), (79, 38), (79, 39), (79, 40), (79, 41), (79, 42), (79, 43), (79, 44), (79, 45), (79, 46), (79, 47), (79, 48), (79, 49)]
13, (8, 5), [(21, 74), (22, 74), (23, 74), (24, 74), (24, 75), (25, 75), (25, 76), (26, 76), (26, 77), (27, 77), (27, 78), (28, 78), (28, 79), (29, 79)]
25, (19, -6), [(14, -70), (14, -71), (15, -71), (16, -71), (17, -71), (17, -72), (18, -72), (18, -73), (19, -73), (19, -74), (20, -74), (20, -75), (21, -75), (21, -76), (22, -76), (23, -76), (24, -76), (25, -76), (26, -76), (27, -76), (28, -76), (29, -76), (30, -76), (31, -76), (32, -76), (33, -76)]
10, (-3, -7), [(-16, 2), (-17, 2), (-18, 2), (-18, 1), (-18, 0), (-18, -1), (-18, -2), (-19, -2), (-19, -3), (-19, -4), (-19, -5)]
22, (-14, -7), [(-118, 37), (-118, 36), (-119, 36), (-119, 35), (-119, 35), (-120, 35), (-120, 34), (-121, 34), (-121, 33), (-122, 33), (-122, 32), (-123, 32), (-123, 31), (-124, 31), (-124, 30), (-125, 30), (-126, 30), (-127, 30), (-128, 30), (-129, 30), (-130, 30), (-131, 30), (-132, 30)]
35, (-19, -16), [(24, 57), (24, 56), (23, 56), (23, 55), (22, 55), (22, 54), (21, 54), (21, 53), (20, 53), (20, 52), (19, 52), (19, 51), (18, 51), (18, 50), (17, 50), (17, 49), (17, 48), (17, 47), (16, 47), (16, 46), (15, 46), (15, 45), (14, 45), (14, 44), (13, 44), (13, 43), (12, 43), (12, 42), (11, 42), (11, 41), (10, 41), (9, 41), (8, 41), (7, 41), (6, 41), (5, 41)]
17, (-12, 5), [(79, 49), (79, 50), (78, 50), (78, 51), (77, 51), (77, 52), (76, 52), (76, 53), (75, 53), (75, 54), (74, 54), (73, 54), (72, 54), (71, 54), (70, 54), (69, 54), (68, 54), (67, 54)]
44, (14, 30), [(-97, -18), (-96, -18), (-96, -17), (-95, -17), (-95, -16), (-94, -16), (-93, -16), (-92, -16), (-92, -15), (-91, -15), (-91, -14), (-90, -14), (-90, -13), (-89, -13), (-89, -12), (-88, -12), (-88, -11), (-87, -11), (-87, -10), (-86, -10), (-86, -9), (-85, -9), (-85, -8), (-84, -8), (-84, -7), (-83, -7), (-83, -6), (-83, -5), (-83, -4), (-83, -3), (-83, -2), (-83, -1), (-83, 0), (-83, 1), (-83, 2), (-83, 3), (-83, 4), (-83, 5), (-83, 6), (-83, 7), (-83, 8), (-83, 9), (-83, 10), (-83, 11), (-83, 12)]
44, (-15, 29), [(68, 51), (67, 51), (67, 52), (66, 52), (66, 53), (65, 53), (65, 54), (64, 54), (64, 55), (63, 55), (63, 56), (62, 56), (62, 57), (61, 57), (61, 58), (60, 58), (60, 59), (59, 59), (59, 60), (58, 60), (58, 61), (57, 61), (57, 62), (56, 62), (56, 63), (55, 63), (55, 64), (54, 64), (54, 65), (53, 65), (53, 66), (53, 67), (53, 68), (53, 69), (53, 70), (53, 71), (53, 72), (53, 73), (53, 74), (53, 75), (53, 76), (53, 77), (53, 78), (53, 79), (53, 80)]
55, (28, -27), [(-6, 25), (-6, 24), (-6, 23), (-5, 23), (-5, 22), (-4, 22), (-4, 21), (-3, 21), (-3, 20), (-2, 20), (-2, 19), (-1, 19), (-1, 18), (0, 18), (0, 17), (1, 17), (1, 16), (2, 16), (2, 15), (3, 15), (3, 14), (4, 14), (4, 13), (5, 13), (5, 12), (6, 12), (6, 11), (7, 11), (7, 10), (8, 10), (8, 9), (9, 9), (9, 8), (10, 8), (10, 7), (11, 7), (11, 6), (12, 6), (12, 5), (13, 5), (13, 4), (14, 4), (14, 3), (15, 3), (15, 2), (16, 2), (16, 1), (17, 1), (17, 0), (18, 0), (18, -1), (19, -1), (19, -2), (20, -2), (21, -2), (22, -2)]
16, (14, -2), [(-132, 30), (-132, 29), (-131, 29), (-131, 28), (-130, 28), (-129, 28), (-128, 28), (-127, 28), (-126, 28), (-125, 28), (-124, 28), (-123, 28), (-122, 28), (-121, 28), (-120, 28), (-119, 28), (-118, 28)]
61, (-30, -25), [(-2, -53), (-2, -54), (-3, -54), (-3, -55), (-4, -55), (-4, -56), (-5, -56), (-5, -57), (-6, -57), (-6, -58), (-7, -58), (-7, -59), (-8, -59), (-8, -60), (-9, -60), (-9, -61), (-10, -61), (-10, -62), (-10, -63), (-10, -64), (-10, -65), (-10, -66), (-10, -67), (-10, -68), (-11, -68), (-11, -69), (-12, -69), (-12, -70), (-13, -70), (-13, -71), (-14, -71), (-14, -72), (-15, -72), (-15, -73), (-16, -73), (-16, -73), (-16, -73), (-16, -73), (-17, -73), (-18, -73), (-18, -74), (-19, -74), (-19, -74), (-19, -74), (-19, -74), (-19, -75), (-20, -75), (-20, -76), (-21, -76), (-21, -77), (-22, -77), (-22, -78), (-23, -78), (-24, -78), (-25, -78), (-26, -78), (-27, -78), (-28, -78), (-29, -78), (-30, -78), (-31, -78), (-32, -78)]
31, (11, -20), [(29, 79), (29, 78), (30, 78), (30, 77), (31, 77), (31, 76), (32, 76), (32, 75), (33, 75), (33, 74), (34, 74), (34, 73), (35, 73), (35, 72), (36, 72), (36, 71), (37, 71), (37, 70), (38, 70), (38, 69), (39, 69), (39, 68), (40, 68), (40, 67), (40, 66), (40, 65), (40, 64), (40, 63), (40, 62), (40, 61), (40, 60), (40, 59)]
40, (-25, 14), [(33, -76), (32, -76), (32, -75), (31, -75), (31, -74), (31, -74), (30, -74), (30, -73), (29, -73), (29, -72), (28, -72), (28, -71), (27, -71), (27, -70), (26, -70), (26, -69), (25, -69), (25, -68), (24, -68), (24, -67), (23, -67), (23, -66), (22, -66), (21, -66), (20, -66), (19, -66), (18, -66), (17, -66), (16, -66), (16, -65), (15, -65), (15, -64), (14, -64), (14, -63), (13, -63), (13, -62), (12, -62), (11, -62), (10, -62), (9, -62), (8, -62)]
23, (-7, -16), [(53, 80), (53, 79), (52, 79), (52, 78), (51, 78), (51, 77), (51, 76), (51, 75), (50, 75), (50, 74), (49, 74), (49, 73), (48, 73), (48, 72), (47, 72), (47, 71), (46, 71), (46, 70), (46, 69), (46, 68), (46, 67), (46, 66), (46, 65), (46, 64)]
49, (25, 24), [(-19, -5), (-19, -4), (-18, -4), (-18, -3), (-17, -3), (-16, -3), (-15, -3), (-15, -2), (-14, -2), (-14, -1), (-13, -1), (-13, 0), (-12, 0), (-12, 1), (-11, 1), (-11, 2), (-10, 2), (-10, 3), (-9, 3), (-9, 4), (-8, 4), (-8, 5), (-7, 5), (-7, 6), (-6, 6), (-6, 7), (-5, 7), (-5, 8), (-4, 8), (-4, 9), (-3, 9), (-3, 10), (-2, 10), (-2, 11), (-2, 12), (-2, 13), (-1, 13), (-1, 14), (0, 14), (0, 15), (1, 15), (1, 16), (2, 16), (2, 17), (3, 17), (3, 18), (4, 18), (4, 19), (5, 19), (6, 19)]
35, (25, -10), [(67, 54), (68, 54), (68, 53), (69, 53), (69, 52), (70, 52), (70, 51), (71, 51), (71, 50), (71, 49), (71, 48), (72, 48), (72, 47), (73, 47), (74, 47), (75, 47), (76, 47), (77, 47), (78, 47), (79, 47), (80, 47), (81, 47), (82, 47), (83, 47), (84, 47), (85, 47), (86, 47), (87, 47), (88, 47), (89, 47), (90, 47), (91, 47), (91, 46), (92, 46), (92, 45), (92, 44)]
28, (8, 14), [(-118, 28), (-118, 29), (-117, 29), (-117, 30), (-116, 30), (-116, 31), (-115, 31), (-115, 32), (-114, 32), (-113, 32), (-112, 32), (-111, 32), (-110, 32), (-110, 32), (-110, 32), (-110, 32), (-110, 33), (-110, 34), (-110, 35), (-110, 35), (-110, 35), (-110, 35), (-110, 36), (-110, 37), (-110, 38), (-110, 39), (-110, 40), (-110, 41), (-110, 42)]
25, (-4, 21), [(40, 59), (39, 59), (39, 60), (38, 60), (38, 61), (37, 61), (37, 62), (36, 62), (36, 63), (36, 64), (36, 65), (36, 66), (36, 67), (36, 68), (36, 69), (36, 70), (36, 71), (36, 72), (36, 73), (36, 74), (36, 75), (36, 76), (36, 77), (36, 78), (36, 79), (36, 80)]
14, (2, -11), [(46, 64), (46, 63), (47, 63), (47, 62), (48, 62), (48, 61), (48, 60), (48, 59), (48, 58), (48, 57), (48, 56), (48, 56), (48, 55), (48, 54), (48, 53)]
36, (9, 26), [(22, -2), (22, -1), (23, -1), (23, 0), (24, 0), (24, 1), (25, 1), (25, 2), (26, 2), (26, 3), (27, 3), (27, 4), (28, 4), (28, 5), (29, 5), (29, 6), (30, 6), (30, 7), (31, 7), (31, 8), (31, 9), (31, 10), (31, 11), (31, 12), (31, 13), (31, 14), (31, 15), (31, 16), (31, 17), (31, 18), (31, 19), (31, 20), (31, 21), (31, 22), (31, 22), (31, 23), (31, 24)]
4, (1, -2), [(36, 80), (36, 80), (36, 79), (37, 79), (37, 78)]
46, (-20, 26), [(5, 41), (5, 42), (4, 42), (4, 43), (3, 43), (3, 44), (2, 44), (2, 45), (1, 45), (1, 46), (0, 46), (0, 47), (-1, 47), (-1, 48), (-2, 48), (-2, 49), (-3, 49), (-3, 50), (-4, 50), (-4, 51), (-5, 51), (-5, 52), (-6, 52), (-6, 53), (-7, 53), (-7, 54), (-8, 54), (-8, 55), (-9, 55), (-9, 56), (-10, 56), (-10, 57), (-11, 57), (-11, 58), (-12, 58), (-12, 59), (-13, 59), (-13, 60), (-14, 60), (-14, 61), (-15, 61), (-15, 62), (-15, 63), (-15, 64), (-15, 65), (-15, 66), (-15, 67)]
47, (-25, 25), [(-83, 12), (-84, 12), (-84, 13), (-85, 13), (-85, 14), (-85, 14), (-86, 14), (-86, 15), (-87, 15), (-87, 16), (-88, 16), (-88, 17), (-89, 17), (-89, 18), (-90, 18), (-90, 19), (-91, 19), (-91, 20), (-92, 20), (-92, 21), (-93, 21), (-93, 22), (-94, 22), (-94, 23), (-95, 23), (-95, 24), (-96, 24), (-96, 25), (-97, 25), (-97, 26), (-98, 26), (-98, 27), (-99, 27), (-99, 28), (-100, 28), (-100, 29), (-101, 29), (-101, 30), (-102, 30), (-102, 31), (-103, 31), (-103, 32), (-104, 32), (-104, 33), (-105, 33), (-105, 34), (-106, 34), (-106, 35)]
42, (13, 29), [(-32, -78), (-32, -77), (-31, -77), (-31, -76), (-30, -76), (-30, -75), (-29, -75), (-29, -74), (-28, -74), (-28, -73), (-27, -73), (-27, -72), (-26, -72), (-26, -71), (-25, -71), (-25, -70), (-24, -70), (-24, -69), (-23, -69), (-23, -68), (-22, -68), (-22, -67), (-21, -67), (-21, -66), (-20, -66), (-20, -65), (-19, -65), (-19, -64), (-19, -63), (-19, -62), (-19, -61), (-19, -60), (-19, -59), (-19, -58), (-19, -57), (-19, -56), (-19, -55), (-19, -54), (-19, -53), (-19, -52), (-19, -51), (-19, -50), (-19, -49)]
26, (4, -21), [(-110, 42), (-110, 41), (-109, 41), (-109, 40), (-108, 40), (-108, 39), (-107, 39), (-107, 38), (-106, 38), (-106, 37), (-106, 36), (-106, 36), (-106, 35), (-106, 34), (-106, 33), (-106, 32), (-106, 31), (-106, 30), (-106, 29), (-106, 28), (-106, 27), (-106, 26), (-106, 25), (-106, 24), (-106, 23), (-106, 22), (-106, 21)]
31, (-12, 16), [(6, 19), (5, 19), (5, 20), (4, 20), (4, 21), (3, 21), (3, 22), (2, 22), (2, 23), (1, 23), (1, 24), (0, 24), (0, 25), (-1, 25), (-1, 26), (-2, 26), (-2, 27), (-3, 27), (-3, 28), (-4, 28), (-4, 29), (-4, 30), (-4, 31), (-5, 31), (-6, 31), (-6, 32), (-6, 33), (-6, 33), (-6, 33), (-6, 33), (-6, 34), (-6, 35)]
22, (-15, -7), [(48, 53), (48, 52), (47, 52), (47, 51), (46, 51), (46, 50), (45, 50), (45, 49), (44, 49), (44, 48), (43, 48), (43, 47), (42, 47), (42, 46), (41, 46), (40, 46), (39, 46), (38, 46), (37, 46), (36, 46), (35, 46), (34, 46), (33, 46)]
42, (25, 17), [(8, -62), (8, -61), (9, -61), (9, -60), (10, -60), (10, -59), (11, -59), (11, -58), (12, -58), (12, -57), (13, -57), (13, -56), (14, -56), (14, -55), (15, -55), (15, -54), (16, -54), (17, -54), (18, -54), (18, -53), (19, -53), (20, -53), (21, -53), (21, -52), (22, -52), (22, -51), (23, -51), (23, -50), (24, -50), (24, -49), (25, -49), (25, -48), (26, -48), (26, -47), (27, -47), (27, -46), (28, -46), (28, -45), (29, -45), (30, -45), (31, -45), (32, -45), (33, -45)]
35, (-27, -8), [(92, 44), (91, 44), (91, 43), (90, 43), (90, 42), (89, 42), (89, 41), (88, 41), (88, 40), (87, 40), (87, 39), (86, 39), (86, 38), (85, 38), (85, 37), (84, 37), (83, 37), (82, 37), (82, 36), (81, 36), (80, 36), (79, 36), (78, 36), (77, 36), (76, 36), (75, 36), (74, 36), (73, 36), (72, 36), (71, 36), (70, 36), (69, 36), (68, 36), (67, 36), (66, 36), (65, 36)]
23, (21, 2), [(-106, 35), (-105, 35), (-104, 35), (-103, 35), (-102, 35), (-101, 35), (-100, 35), (-99, 35), (-99, 36), (-98, 36), (-98, 37), (-97, 37), (-96, 37), (-95, 37), (-94, 37), (-93, 37), (-92, 37), (-91, 37), (-90, 37), (-89, 37), (-88, 37), (-87, 37), (-86, 37), (-85, 37)]
38, (23, 14), [(37, 78), (38, 78), (38, 79), (39, 79), (39, 80), (40, 80), (40, 81), (41, 81), (41, 82), (42, 82), (42, 82), (43, 82), (44, 82), (44, 83), (45, 83), (45, 84), (46, 84), (46, 85), (47, 85), (47, 86), (48, 86), (48, 87), (49, 87), (49, 88), (50, 88), (50, 89), (51, 89), (51, 90), (52, 90), (52, 91), (53, 91), (53, 92), (54, 92), (55, 92), (56, 92), (57, 92), (58, 92), (59, 92), (60, 92)]
21, (1, -20), [(-106, 21), (-105, 21), (-105, 20), (-105, 19), (-105, 18), (-105, 17), (-105, 16), (-105, 15), (-105, 14), (-105, 13), (-105, 12), (-105, 11), (-105, 10), (-105, 9), (-105, 8), (-105, 7), (-105, 6), (-105, 5), (-105, 4), (-105, 3), (-105, 2), (-105, 1)]
41, (-13, -27), [(31, 24), (31, 23), (30, 23), (30, 22), (29, 22), (29, 21), (28, 21), (28, 20), (27, 20), (27, 19), (26, 19), (26, 18), (25, 18), (25, 17), (24, 17), (24, 16), (23, 16), (23, 15), (22, 15), (22, 14), (22, 14), (21, 14), (21, 13), (20, 13), (20, 12), (19, 12), (19, 11), (18, 11), (18, 10), (18, 9), (18, 8), (18, 7), (18, 6), (18, 5), (18, 4), (18, 3), (18, 2), (18, 1), (18, 0), (18, -1), (18, -2), (18, -3)]
40, (21, 19), [(-19, -49), (-19, -48), (-18, -48), (-18, -47), (-17, -47), (-17, -46), (-16, -46), (-16, -45), (-15, -45), (-15, -44), (-14, -44), (-14, -43), (-13, -43), (-13, -42), (-12, -42), (-12, -41), (-11, -41), (-11, -40), (-10, -40), (-10, -39), (-9, -39), (-9, -38), (-8, -38), (-8, -37), (-8, -36), (-8, -35), (-7, -35), (-7, -34), (-6, -34), (-6, -33), (-5, -33), (-5, -32), (-4, -32), (-4, -31), (-3, -31), (-3, -30), (-2, -30), (-1, -30), (0, -30), (1, -30), (2, -30)]
46, (-20, 25), [(-15, 67), (-15, 68), (-16, 68), (-16, 69), (-17, 69), (-17, 70), (-18, 70), (-18, 71), (-19, 71), (-19, 72), (-20, 72), (-20, 73), (-21, 73), (-21, 74), (-22, 74), (-22, 75), (-23, 75), (-23, 76), (-24, 76), (-24, 77), (-25, 77), (-25, 78), (-26, 78), (-26, 79), (-27, 79), (-27, 80), (-28, 80), (-28, 81), (-29, 81), (-29, 82), (-30, 82), (-30, 83), (-31, 83), (-31, 83), (-31, 84), (-32, 84), (-32, 85), (-33, 85), (-33, 86), (-33, 87), (-33, 88), (-34, 88), (-34, 89), (-35, 89), (-35, 90), (-35, 91), (-35, 92)]
27, (-9, -18), [(-6, 35), (-6, 34), (-7, 34), (-7, 33), (-8, 33), (-8, 32), (-9, 32), (-9, 31), (-10, 31), (-10, 30), (-11, 30), (-11, 29), (-12, 29), (-12, 28), (-13, 28), (-13, 27), (-14, 27), (-14, 26), (-15, 26), (-15, 25), (-15, 24), (-15, 23), (-15, 22), (-15, 21), (-15, 20), (-15, 19), (-15, 18), (-15, 17)]
31, (-30, 1), [(33, 46), (32, 46), (31, 46), (30, 46), (29, 46), (28, 46), (27, 46), (26, 46), (25, 46), (24, 46), (23, 46), (22, 46), (21, 46), (20, 46), (19, 46), (18, 46), (17, 46), (16, 46), (15, 46), (14, 46), (13, 46), (12, 46), (11, 46), (10, 46), (9, 46), (8, 46), (7, 46), (6, 46), (5, 46), (4, 46), (4, 47), (3, 47)]
35, (22, -13), [(33, -45), (33, -46), (34, -46), (34, -47), (35, -47), (35, -48), (36, -48), (36, -49), (37, -49), (37, -50), (38, -50), (38, -51), (39, -51), (39, -52), (40, -52), (40, -53), (41, -53), (41, -54), (42, -54), (42, -55), (43, -55), (43, -56), (44, -56), (44, -57), (45, -57), (45, -58), (46, -58), (47, -58), (48, -58), (49, -58), (50, -58), (51, -58), (52, -58), (53, -58), (54, -58), (55, -58)]
33, (26, 3), [(-85, 37), (-85, 38), (-84, 38), (-84, 39), (-83, 39), (-83, 40), (-83, 40), (-82, 40), (-81, 40), (-80, 40), (-79, 40), (-78, 40), (-77, 40), (-76, 40), (-75, 40), (-75, 40), (-75, 40), (-75, 40), (-74, 40), (-73, 40), (-72, 40), (-71, 40), (-70, 40), (-69, 40), (-68, 40), (-67, 40), (-66, 40), (-65, 40), (-64, 40), (-63, 40), (-62, 40), (-61, 40), (-60, 40), (-59, 40)]
18, (14, -4), [(-15, 17), (-15, 16), (-14, 16), (-14, 15), (-13, 15), (-13, 14), (-12, 14), (-12, 13), (-11, 13), (-10, 13), (-9, 13), (-8, 13), (-7, 13), (-6, 13), (-5, 13), (-4, 13), (-3, 13), (-2, 13), (-1, 13)]
29, (11, -18), [(60, 92), (60, 91), (61, 91), (61, 90), (62, 90), (62, 89), (63, 89), (63, 88), (64, 88), (64, 87), (65, 87), (65, 86), (66, 86), (66, 85), (67, 85), (67, 84), (68, 84), (68, 83), (69, 83), (69, 82), (70, 82), (70, 81), (71, 81), (71, 80), (71, 79), (71, 78), (71, 77), (71, 76), (71, 75), (71, 74)]
45, (-30, 14), [(65, 36), (64, 36), (64, 37), (63, 37), (63, 38), (62, 38), (62, 39), (61, 39), (61, 40), (60, 40), (60, 41), (59, 41), (59, 42), (58, 42), (58, 43), (57, 43), (57, 44), (56, 44), (56, 45), (55, 45), (55, 46), (54, 46), (54, 47), (54, 48), (54, 48), (54, 49), (53, 49), (53, 50), (52, 50), (51, 50), (50, 50), (49, 50), (48, 50), (47, 50), (46, 50), (45, 50), (44, 50), (43, 50), (42, 50), (41, 50), (40, 50), (39, 50), (38, 50), (37, 50), (36, 50), (35, 50)]
33, (-26, 7), [(-105, 1), (-105, 2), (-106, 2), (-106, 3), (-107, 3), (-107, 4), (-108, 4), (-108, 5), (-109, 5), (-109, 6), (-110, 6), (-110, 7), (-111, 7), (-111, 8), (-112, 8), (-113, 8), (-114, 8), (-115, 8), (-116, 8), (-117, 8), (-118, 8), (-119, 8), (-120, 8), (-121, 8), (-122, 8), (-123, 8), (-124, 8), (-125, 8), (-126, 8), (-127, 8), (-128, 8), (-129, 8), (-130, 8), (-131, 8)]
28, (-19, 9), [(2, -30), (2, -29), (1, -29), (1, -28), (0, -28), (0, -27), (-1, -27), (-1, -26), (-2, -26), (-2, -25), (-3, -25), (-3, -24), (-4, -24), (-4, -23), (-5, -23), (-5, -22), (-6, -22), (-6, -21), (-7, -21), (-8, -21), (-9, -21), (-10, -21), (-11, -21), (-12, -21), (-13, -21), (-14, -21), (-15, -21), (-16, -21), (-17, -21)]
36, (9, -27), [(18, -3), (19, -3), (19, -4), (20, -4), (20, -5), (21, -5), (21, -6), (22, -6), (22, -7), (23, -7), (23, -8), (24, -8), (24, -9), (25, -9), (25, -10), (26, -10), (26, -11), (27, -11), (27, -12), (27, -13), (27, -14), (27, -15), (27, -16), (27, -17), (27, -18), (27, -19), (27, -20), (27, -21), (27, -22), (27, -23), (27, -24), (27, -25), (27, -26), (27, -27), (27, -28), (27, -29), (27, -30)]
33, (-15, 16), [(-35, 92), (-36, 92), (-36, 93), (-37, 93), (-37, 94), (-38, 94), (-38, 95), (-39, 95), (-39, 95), (-39, 96), (-39, 96), (-40, 96), (-40, 97), (-41, 97), (-41, 98), (-42, 98), (-42, 99), (-43, 99), (-43, 100), (-44, 100), (-44, 101), (-45, 101), (-45, 102), (-46, 102), (-46, 103), (-47, 103), (-47, 104), (-48, 104), (-48, 105), (-49, 105), (-49, 106), (-50, 106), (-50, 107), (-50, 108)]
13, (-11, -2), [(71, 74), (71, 73), (70, 73), (69, 73), (68, 73), (68, 72), (67, 72), (66, 72), (65, 72), (64, 72), (63, 72), (62, 72), (61, 72), (60, 72)]
35, (26, 9), [(3, 47), (3, 48), (4, 48), (4, 49), (4, 50), (4, 51), (5, 51), (5, 52), (6, 52), (6, 53), (7, 53), (7, 54), (8, 54), (8, 55), (9, 55), (9, 56), (10, 56), (11, 56), (12, 56), (13, 56), (14, 56), (15, 56), (16, 56), (17, 56), (18, 56), (19, 56), (20, 56), (21, 56), (22, 56), (23, 56), (24, 56), (25, 56), (26, 56), (27, 56), (28, 56), (29, 56)]
22, (16, -6), [(35, 50), (36, 50), (36, 49), (37, 49), (37, 48), (38, 48), (38, 47), (39, 47), (39, 46), (40, 46), (40, 45), (41, 45), (41, 44), (42, 44), (43, 44), (44, 44), (45, 44), (46, 44), (47, 44), (48, 44), (49, 44), (50, 44), (51, 44)]
33, (16, 16), [(-1, 13), (-1, 14), (0, 14), (0, 15), (1, 15), (1, 16), (2, 16), (2, 17), (2, 17), (3, 17), (3, 18), (4, 18), (4, 19), (5, 19), (5, 20), (6, 20), (7, 20), (8, 20), (9, 20), (10, 20), (10, 21), (11, 21), (11, 22), (12, 22), (12, 23), (13, 23), (13, 24), (13, 25), (13, 26), (13, 27), (13, 28), (14, 28), (14, 29), (15, 29)]
39, (-14, 24), [(-59, 40), (-60, 40), (-60, 41), (-61, 41), (-61, 42), (-62, 42), (-62, 43), (-63, 43), (-63, 44), (-64, 44), (-64, 45), (-65, 45), (-65, 46), (-66, 46), (-66, 47), (-67, 47), (-67, 48), (-68, 48), (-68, 49), (-69, 49), (-69, 50), (-70, 50), (-70, 51), (-71, 51), (-71, 52), (-72, 52), (-72, 53), (-73, 53), (-73, 54), (-73, 55), (-73, 56), (-73, 57), (-73, 58), (-73, 59), (-73, 60), (-73, 61), (-73, 62), (-73, 62), (-73, 63), (-73, 64)]
31, (-7, 24), [(-131, 8), (-132, 8), (-132, 9), (-133, 9), (-133, 10), (-134, 10), (-134, 11), (-135, 11), (-135, 12), (-136, 12), (-136, 13), (-137, 13), (-137, 14), (-138, 14), (-138, 15), (-138, 16), (-138, 17), (-138, 18), (-138, 19), (-138, 20), (-138, 21), (-138, 22), (-138, 23), (-138, 24), (-138, 25), (-138, 26), (-138, 27), (-138, 28), (-138, 29), (-138, 30), (-138, 31), (-138, 32)]
27, (-11, 16), [(-50, 108), (-50, 109), (-51, 109), (-51, 110), (-52, 110), (-52, 111), (-53, 111), (-53, 112), (-54, 112), (-54, 113), (-55, 113), (-55, 114), (-56, 114), (-56, 115), (-57, 115), (-57, 116), (-58, 116), (-58, 117), (-59, 117), (-59, 118), (-60, 118), (-60, 119), (-61, 119), (-61, 120), (-61, 121), (-61, 122), (-61, 123), (-61, 124)]
52, (26, 25), [(55, -58), (56, -58), (56, -57), (57, -57), (57, -56), (58, -56), (58, -55), (59, -55), (59, -54), (60, -54), (60, -53), (61, -53), (61, -52), (62, -52), (62, -51), (63, -51), (63, -50), (64, -50), (64, -49), (65, -49), (65, -48), (66, -48), (66, -47), (66, -47), (67, -47), (67, -46), (68, -46), (68, -45), (69, -45), (69, -44), (70, -44), (70, -43), (71, -43), (71, -42), (72, -42), (72, -41), (73, -41), (73, -40), (74, -40), (75, -40), (76, -40), (77, -40), (78, -40), (78, -39), (79, -39), (79, -38), (80, -38), (80, -37), (81, -37), (81, -36), (81, -35), (81, -34), (81, -33)]
37, (-23, -14), [(-17, -21), (-18, -21), (-18, -22), (-19, -22), (-19, -23), (-20, -23), (-20, -24), (-21, -24), (-21, -25), (-22, -25), (-22, -26), (-23, -26), (-23, -27), (-23, -28), (-23, -29), (-24, -29), (-24, -30), (-25, -30), (-25, -31), (-26, -31), (-26, -32), (-27, -32), (-27, -33), (-28, -33), (-28, -34), (-29, -34), (-29, -35), (-30, -35), (-31, -35), (-32, -35), (-33, -35), (-34, -35), (-35, -35), (-36, -35), (-37, -35), (-38, -35), (-39, -35), (-40, -35)]
13, (11, -2), [(-73, 64), (-72, 64), (-72, 63), (-71, 63), (-71, 62), (-70, 62), (-69, 62), (-68, 62), (-67, 62), (-66, 62), (-65, 62), (-64, 62), (-63, 62), (-62, 62)]
21, (-18, 3), [(51, 44), (50, 44), (50, 45), (49, 45), (49, 46), (48, 46), (48, 47), (47, 47), (46, 47), (45, 47), (44, 47), (43, 47), (42, 47), (41, 47), (40, 47), (39, 47), (38, 47), (37, 47), (36, 47), (35, 47), (34, 47), (33, 47)]
50, (21, 27), [(27, -30), (28, -30), (28, -29), (28, -29), (29, -29), (29, -28), (30, -28), (30, -27), (31, -27), (31, -26), (32, -26), (32, -25), (33, -25), (33, -24), (34, -24), (34, -23), (35, -23), (35, -22), (36, -22), (36, -21), (37, -21), (37, -21), (37, -20), (38, -20), (38, -19), (39, -19), (39, -18), (40, -18), (40, -17), (41, -17), (41, -16), (41, -15), (41, -14), (42, -14), (42, -13), (43, -13), (43, -12), (44, -12), (44, -11), (45, -11), (45, -10), (46, -10), (46, -9), (47, -9), (47, -8), (48, -8), (48, -7), (48, -6), (48, -5), (48, -4), (48, -3)]
46, (-23, -22), [(60, 72), (59, 72), (59, 71), (58, 71), (58, 70), (57, 70), (57, 69), (56, 69), (56, 68), (55, 68), (55, 67), (54, 67), (54, 66), (53, 66), (53, 65), (52, 65), (52, 64), (51, 64), (51, 63), (50, 63), (50, 62), (49, 62), (49, 61), (48, 61), (48, 60), (47, 60), (47, 59), (46, 59), (46, 58), (45, 58), (45, 57), (44, 57), (44, 56), (43, 56), (43, 55), (42, 55), (42, 55), (42, 54), (41, 54), (41, 53), (40, 53), (40, 52), (39, 52), (39, 51), (38, 51), (38, 50), (37, 50)]
45, (25, 20), [(29, 56), (30, 56), (30, 57), (31, 57), (31, 58), (32, 58), (32, 59), (33, 59), (33, 60), (34, 60), (34, 61), (35, 61), (35, 62), (36, 62), (36, 63), (37, 63), (37, 64), (38, 64), (38, 65), (39, 65), (39, 66), (40, 66), (40, 67), (41, 67), (41, 68), (42, 68), (42, 69), (43, 69), (43, 70), (44, 70), (44, 71), (45, 71), (45, 72), (46, 72), (46, 73), (47, 73), (47, 74), (48, 74), (49, 74), (50, 74), (50, 75), (51, 75), (51, 76), (52, 76), (53, 76), (54, 76)]
36, (23, -13), [(15, 29), (16, 29), (17, 29), (17, 28), (18, 28), (18, 27), (19, 27), (19, 26), (20, 26), (20, 25), (21, 25), (21, 24), (22, 24), (22, 23), (23, 23), (23, 22), (24, 22), (24, 21), (25, 21), (25, 20), (26, 20), (26, 19), (27, 19), (27, 18), (28, 18), (28, 17), (29, 17), (29, 16), (30, 16), (31, 16), (32, 16), (33, 16), (34, 16), (35, 16), (36, 16), (37, 16), (38, 16)]
23, (21, -2), [(33, 47), (33, 46), (34, 46), (34, 45), (35, 45), (36, 45), (37, 45), (38, 45), (39, 45), (40, 45), (41, 45), (42, 45), (43, 45), (44, 45), (45, 45), (46, 45), (47, 45), (48, 45), (49, 45), (50, 45), (51, 45), (52, 45), (53, 45), (54, 45)]
38, (-26, 12), [(-138, 32), (-138, 33), (-139, 33), (-139, 34), (-140, 34), (-140, 35), (-141, 35), (-141, 36), (-142, 36), (-142, 37), (-143, 37), (-143, 38), (-144, 38), (-144, 39), (-145, 39), (-145, 40), (-146, 40), (-146, 41), (-147, 41), (-147, 42), (-148, 42), (-148, 43), (-149, 43), (-149, 44), (-150, 44), (-151, 44), (-152, 44), (-153, 44), (-154, 44), (-155, 44), (-156, 44), (-157, 44), (-158, 44), (-159, 44), (-160, 44), (-161, 44), (-162, 44), (-162, 44), (-162, 43)]
33, (-4, -29), [(-62, 62), (-63, 62), (-63, 61), (-64, 61), (-64, 60), (-65, 60), (-65, 59), (-66, 59), (-66, 58), (-66, 57), (-66, 56), (-66, 55), (-66, 54), (-66, 53), (-66, 52), (-66, 51), (-66, 50), (-66, 49), (-66, 48), (-66, 47), (-66, 46), (-66, 45), (-66, 44), (-66, 43), (-66, 42), (-66, 41), (-66, 40), (-66, 39), (-66, 38), (-66, 37), (-66, 36), (-66, 35), (-66, 34), (-66, 33)]
37, (29, 8), [(-40, -35), (-39, -35), (-39, -34), (-38, -34), (-38, -33), (-37, -33), (-37, -32), (-36, -32), (-36, -31), (-35, -31), (-35, -30), (-34, -30), (-34, -29), (-33, -29), (-32, -29), (-31, -29), (-30, -29), (-29, -29), (-28, -29), (-27, -29), (-26, -29), (-25, -29), (-24, -29), (-23, -29), (-23, -28), (-22, -28), (-22, -27), (-21, -27), (-20, -27), (-19, -27), (-18, -27), (-17, -27), (-16, -27), (-15, -27), (-14, -27), (-13, -27), (-12, -27), (-11, -27)]
46, (-26, 19), [(-61, 124), (-62, 124), (-62, 125), (-63, 125), (-63, 126), (-64, 126), (-64, 127), (-65, 127), (-65, 128), (-66, 128), (-66, 129), (-67, 129), (-67, 130), (-68, 130), (-69, 130), (-70, 130), (-70, 131), (-71, 131), (-71, 132), (-72, 132), (-72, 133), (-73, 133), (-73, 134), (-74, 134), (-74, 135), (-75, 135), (-75, 136), (-76, 136), (-76, 137), (-77, 137), (-77, 138), (-78, 138), (-78, 139), (-79, 139), (-79, 140), (-80, 140), (-80, 141), (-81, 141), (-81, 142), (-82, 142), (-82, 143), (-83, 143), (-84, 143), (-85, 143), (-86, 143), (-86, 143), (-87, 143)]
44, (27, 17), [(81, -33), (81, -32), (82, -32), (82, -31), (83, -31), (83, -30), (84, -30), (84, -29), (85, -29), (85, -28), (86, -28), (86, -27), (87, -27), (87, -26), (88, -26), (88, -25), (89, -25), (89, -24), (90, -24), (90, -23), (91, -23), (91, -22), (92, -22), (92, -21), (93, -21), (93, -20), (94, -20), (94, -19), (95, -19), (95, -18), (96, -18), (96, -17), (97, -17), (98, -17), (99, -17), (100, -17), (101, -17), (102, -17), (103, -17), (103, -16), (104, -16), (105, -16), (106, -16), (107, -16), (108, -16)]
30, (19, -11), [(48, -3), (49, -3), (49, -4), (50, -4), (50, -5), (51, -5), (51, -6), (52, -6), (52, -7), (53, -7), (53, -8), (54, -8), (54, -9), (55, -9), (55, -10), (56, -10), (56, -11), (57, -11), (57, -12), (58, -12), (58, -13), (59, -13), (59, -14), (60, -14), (61, -14), (62, -14), (63, -14), (64, -14), (65, -14), (66, -14), (67, -14)]
24, (-12, 9), [(54, 76), (54, 77), (53, 77), (53, 78), (52, 78), (52, 79), (51, 79), (51, 80), (50, 80), (50, 81), (49, 81), (49, 82), (48, 82), (48, 83), (47, 83), (47, 84), (46, 84), (46, 85), (45, 85), (44, 85), (43, 85), (43, 85), (43, 85), (43, 85), (42, 85)]
31, (-27, -3), [(37, 50), (37, 49), (36, 49), (36, 48), (36, 48), (35, 48), (35, 47), (34, 47), (33, 47), (32, 47), (31, 47), (30, 47), (29, 47), (28, 47), (27, 47), (26, 47), (25, 47), (24, 47), (23, 47), (22, 47), (21, 47), (20, 47), (19, 47), (18, 47), (17, 47), (16, 47), (15, 47), (14, 47), (13, 47), (12, 47), (11, 47), (10, 47)]
1, (1, 0), [(10, 47), (11, 47)]
22, (2, -20), [(-66, 33), (-65, 33), (-65, 32), (-64, 32), (-64, 31), (-64, 30), (-64, 29), (-64, 28), (-64, 27), (-64, 26), (-64, 25), (-64, 24), (-64, 23), (-64, 22), (-64, 21), (-64, 20), (-64, 19), (-64, 18), (-64, 17), (-64, 16), (-64, 15), (-64, 14), (-64, 13)]
14, (-3, 10), [(67, -14), (66, -14), (66, -13), (65, -13), (65, -12), (64, -12), (64, -11), (64, -10), (64, -9), (64, -8), (64, -7), (64, -7), (64, -6), (64, -5), (64, -4)]
15, (0, 11), [(42, 85), (43, 85), (44, 85), (44, 86), (44, 87), (44, 88), (44, 89), (43, 89), (43, 90), (42, 90), (42, 91), (42, 92), (42, 93), (42, 94), (42, 95), (42, 96)]
36, (-3, -28), [(54, 45), (54, 44), (53, 44), (53, 43), (52, 43), (52, 42), (51, 42), (51, 41), (51, 40), (51, 39), (51, 38), (51, 37), (51, 36), (51, 35), (51, 34), (51, 33), (51, 32), (51, 31), (51, 31), (51, 30), (51, 29), (51, 28), (51, 27), (51, 27), (51, 26), (51, 25), (51, 25), (51, 25), (51, 25), (51, 24), (51, 23), (51, 22), (51, 21), (51, 20), (51, 19), (51, 18), (51, 17)]
35, (-9, -23), [(-162, 43), (-162, 42), (-163, 42), (-163, 41), (-164, 41), (-164, 40), (-165, 40), (-165, 39), (-166, 39), (-166, 38), (-167, 38), (-168, 38), (-169, 38), (-170, 38), (-171, 38), (-171, 37), (-171, 37), (-171, 37), (-171, 37), (-171, 36), (-171, 35), (-171, 34), (-171, 33), (-171, 32), (-171, 31), (-171, 30), (-171, 29), (-171, 28), (-171, 27), (-171, 26), (-171, 25), (-171, 24), (-171, 23), (-171, 22), (-171, 21), (-171, 20)]
43, (-14, 28), [(38, 16), (38, 17), (37, 17), (37, 18), (36, 18), (36, 19), (35, 19), (35, 20), (34, 20), (34, 21), (33, 21), (33, 22), (33, 22), (32, 22), (32, 23), (31, 23), (31, 24), (30, 24), (30, 25), (29, 25), (29, 26), (28, 26), (28, 27), (27, 27), (27, 28), (26, 28), (26, 29), (25, 29), (25, 30), (24, 30), (24, 31), (24, 32), (24, 33), (24, 34), (24, 35), (24, 36), (24, 37), (24, 38), (24, 39), (24, 40), (24, 41), (24, 42), (24, 43), (24, 44)]
34, (-23, -9), [(-11, -27), (-12, -27), (-12, -28), (-13, -28), (-13, -29), (-14, -29), (-14, -30), (-15, -30), (-15, -31), (-16, -31), (-16, -32), (-17, -32), (-17, -33), (-18, -33), (-18, -34), (-19, -34), (-19, -34), (-19, -35), (-20, -35), (-21, -35), (-22, -35), (-23, -35), (-24, -35), (-25, -35), (-26, -35), (-27, -35), (-28, -35), (-29, -35), (-30, -35), (-30, -36), (-30, -36), (-31, -36), (-32, -36), (-33, -36), (-34, -36)]
10, (-7, 4), [(42, 96), (42, 97), (41, 97), (41, 98), (40, 98), (40, 99), (39, 99), (39, 100), (38, 100), (37, 100), (36, 100)]
33, (-27, 2), [(-87, 143), (-87, 144), (-88, 144), (-88, 145), (-89, 145), (-90, 145), (-91, 145), (-92, 145), (-93, 145), (-94, 145), (-95, 145), (-96, 145), (-97, 145), (-98, 145), (-99, 145), (-100, 145), (-101, 145), (-102, 145), (-103, 145), (-104, 145), (-105, 145), (-106, 145), (-106, 144), (-107, 144), (-107, 143), (-108, 143), (-109, 143), (-110, 143), (-111, 143), (-112, 143), (-113, 143), (-113, 144), (-114, 144), (-114, 145)]
38, (17, 20), [(108, -16), (108, -15), (109, -15), (109, -14), (110, -14), (110, -13), (111, -13), (111, -12), (112, -12), (112, -11), (113, -11), (113, -10), (114, -10), (114, -9), (115, -9), (115, -8), (116, -8), (116, -7), (117, -7), (117, -6), (118, -6), (118, -5), (119, -5), (119, -4), (120, -4), (120, -3), (121, -3), (121, -2), (122, -2), (122, -1), (122, 0), (123, 0), (124, 0), (124, 1), (124, 1), (125, 1), (125, 2), (125, 3), (125, 4)]
16, (2, 11), [(24, 44), (24, 45), (25, 45), (25, 46), (26, 46), (26, 47), (26, 48), (26, 49), (26, 50), (26, 51), (26, 52), (26, 53), (26, 53), (26, 53), (26, 53), (26, 54), (26, 55)]
12, (-2, -10), [(-34, -36), (-35, -36), (-35, -37), (-36, -37), (-36, -38), (-36, -39), (-36, -40), (-36, -41), (-36, -42), (-36, -43), (-36, -44), (-36, -45), (-36, -46)]
27, (-22, -4), [(64, -4), (63, -4), (63, -5), (62, -5), (62, -6), (61, -6), (61, -7), (60, -7), (60, -8), (59, -8), (58, -8), (57, -8), (56, -8), (55, -8), (54, -8), (53, -8), (52, -8), (51, -8), (50, -8), (49, -8), (48, -8), (48, -8), (47, -8), (46, -8), (45, -8), (44, -8), (43, -8), (42, -8)]
30, (-1, -29), [(-64, 13), (-64, 12), (-65, 12), (-65, 11), (-65, 10), (-65, 9), (-65, 8), (-65, 7), (-65, 6), (-65, 5), (-65, 4), (-65, 3), (-65, 2), (-65, 1), (-65, 0), (-65, -1), (-65, -2), (-65, -3), (-65, -4), (-65, -5), (-65, -6), (-65, -7), (-65, -8), (-65, -9), (-65, -10), (-65, -11), (-65, -12), (-65, -13), (-65, -14), (-65, -15), (-65, -16)]
44, (-21, -23), [(11, 47), (10, 47), (10, 46), (9, 46), (9, 45), (8, 45), (8, 44), (7, 44), (7, 43), (6, 43), (6, 42), (5, 42), (5, 41), (4, 41), (4, 40), (3, 40), (3, 39), (2, 39), (2, 38), (1, 38), (1, 37), (0, 37), (-1, 37), (-2, 37), (-2, 36), (-3, 36), (-3, 35), (-4, 35), (-4, 34), (-5, 34), (-5, 33), (-6, 33), (-6, 32), (-7, 32), (-7, 31), (-8, 31), (-8, 30), (-9, 30), (-9, 29), (-10, 29), (-10, 28), (-10, 27), (-10, 26), (-10, 25), (-10, 24)]
20, (-10, -10), [(125, 4), (125, 3), (125, 2), (125, 1), (124, 1), (124, 0), (123, 0), (122, 0), (121, 0), (121, -1), (120, -1), (120, -2), (119, -2), (119, -3), (118, -3), (118, -4), (117, -4), (117, -5), (116, -5), (116, -6), (115, -6)]
25, (-13, 11), [(-114, 145), (-115, 145), (-115, 146), (-116, 146), (-116, 147), (-116, 147), (-117, 147), (-117, 148), (-118, 148), (-118, 149), (-119, 149), (-119, 150), (-120, 150), (-120, 151), (-121, 151), (-121, 152), (-122, 152), (-122, 153), (-123, 153), (-123, 154), (-124, 154), (-124, 155), (-125, 155), (-125, 156), (-126, 156), (-127, 156)]
16, (-16, 0), [(-36, -46), (-37, -46), (-38, -46), (-39, -46), (-40, -46), (-41, -46), (-42, -46), (-43, -46), (-44, -46), (-45, -46), (-46, -46), (-47, -46), (-48, -46), (-49, -46), (-50, -46), (-51, -46), (-52, -46)]
15, (-1, 14), [(115, -6), (114, -6), (114, -5), (114, -4), (114, -3), (114, -2), (114, -1), (114, 0), (114, 1), (114, 2), (114, 3), (114, 4), (114, 5), (114, 6), (114, 7), (114, 8)]
16, (-3, 8), [(-127, 156), (-128, 156), (-129, 156), (-130, 156), (-131, 156), (-131, 157), (-131, 157), (-131, 157), (-131, 157), (-131, 158), (-131, 159), (-131, 160), (-131, 161), (-131, 162), (-131, 163), (-131, 164), (-130, 164)]
52, (27, -24), [(-171, 20), (-170, 20), (-170, 19), (-169, 19), (-169, 18), (-168, 18), (-168, 17), (-167, 17), (-167, 16), (-166, 16), (-166, 15), (-165, 15), (-165, 14), (-164, 14), (-164, 13), (-163, 13), (-163, 12), (-162, 12), (-162, 11), (-161, 11), (-161, 10), (-160, 10), (-160, 9), (-159, 9), (-159, 8), (-158, 8), (-158, 7), (-157, 7), (-156, 7), (-155, 7), (-155, 6), (-154, 6), (-154, 5), (-153, 5), (-153, 4), (-152, 4), (-152, 3), (-151, 3), (-151, 2), (-150, 2), (-150, 1), (-149, 1), (-149, 0), (-148, 0), (-148, 0), (-148, -1), (-147, -1), (-147, -2), (-146, -2), (-146, -3), (-145, -3), (-145, -4), (-144, -4)]
56, (-28, 28), [(51, 17), (51, 18), (50, 18), (50, 19), (49, 19), (49, 20), (48, 20), (48, 21), (47, 21), (47, 22), (46, 22), (46, 23), (45, 23), (45, 24), (44, 24), (44, 25), (43, 25), (43, 26), (42, 26), (42, 27), (41, 27), (41, 28), (40, 28), (40, 29), (39, 29), (39, 30), (38, 30), (38, 31), (37, 31), (37, 32), (36, 32), (36, 33), (35, 33), (35, 34), (34, 34), (34, 35), (33, 35), (33, 36), (32, 36), (32, 37), (31, 37), (31, 38), (30, 38), (30, 39), (29, 39), (29, 40), (28, 40), (28, 41), (27, 41), (27, 42), (26, 42), (26, 43), (25, 43), (25, 44), (24, 44), (24, 45), (23, 45)]
50, (-18, -29), [(36, 100), (35, 100), (35, 99), (34, 99), (34, 98), (33, 98), (33, 97), (32, 97), (32, 96), (31, 96), (31, 95), (30, 95), (30, 94), (29, 94), (29, 93), (28, 93), (28, 92), (27, 92), (27, 91), (26, 91), (26, 90), (25, 90), (25, 89), (24, 89), (24, 88), (23, 88), (23, 87), (22, 87), (22, 86), (21, 86), (21, 85), (20, 85), (20, 84), (19, 84), (19, 83), (18, 83), (18, 82), (18, 82), (18, 82), (18, 82), (18, 81), (18, 80), (18, 79), (18, 78), (18, 77), (18, 76), (18, 75), (18, 74), (18, 73), (18, 72), (18, 71)]
26, (10, 16), [(-52, -46), (-52, -45), (-51, -45), (-51, -44), (-50, -44), (-50, -43), (-49, -43), (-49, -42), (-48, -42), (-48, -41), (-48, -40), (-48, -39), (-47, -39), (-47, -38), (-46, -38), (-46, -37), (-45, -37), (-45, -36), (-44, -36), (-44, -35), (-43, -35), (-43, -34), (-42, -34), (-42, -33), (-42, -32), (-42, -31), (-42, -30)]
44, (-12, 30), [(26, 55), (27, 55), (27, 56), (27, 57), (27, 58), (26, 58), (26, 59), (25, 59), (25, 60), (24, 60), (24, 61), (23, 61), (23, 62), (22, 62), (22, 63), (21, 63), (21, 64), (20, 64), (20, 65), (19, 65), (19, 66), (18, 66), (18, 67), (17, 67), (17, 68), (16, 68), (16, 69), (15, 69), (15, 70), (14, 70), (14, 71), (14, 72), (14, 73), (14, 74), (14, 75), (14, 76), (14, 77), (14, 78), (14, 79), (14, 80), (14, 81), (14, 82), (14, 83), (14, 84), (14, 85)]
13, (-1, -12), [(23, 45), (22, 45), (22, 44), (22, 43), (22, 42), (22, 41), (22, 40), (22, 39), (22, 38), (22, 37), (22, 36), (22, 35), (22, 34), (22, 33)]
40, (-30, 9), [(-10, 24), (-10, 25), (-11, 25), (-11, 26), (-12, 26), (-12, 27), (-13, 27), (-13, 28), (-14, 28), (-14, 29), (-15, 29), (-15, 30), (-16, 30), (-16, 30), (-16, 31), (-17, 31), (-17, 32), (-18, 32), (-18, 33), (-19, 33), (-20, 33), (-21, 33), (-22, 33), (-23, 33), (-24, 33), (-25, 33), (-26, 33), (-27, 33), (-28, 33), (-29, 33), (-30, 33), (-31, 33), (-32, 33), (-33, 33), (-34, 33), (-35, 33), (-36, 33), (-37, 33), (-38, 33), (-39, 33), (-40, 33)]
46, (23, -22), [(-65, -16), (-64, -16), (-64, -17), (-63, -17), (-63, -18), (-62, -18), (-62, -19), (-61, -19), (-61, -20), (-60, -20), (-60, -21), (-59, -21), (-59, -22), (-58, -22), (-58, -22), (-58, -23), (-57, -23), (-57, -24), (-56, -24), (-56, -25), (-55, -25), (-55, -26), (-54, -26), (-54, -27), (-53, -27), (-53, -28), (-52, -28), (-52, -29), (-51, -29), (-51, -30), (-50, -30), (-50, -31), (-49, -31), (-49, -32), (-48, -32), (-48, -33), (-47, -33), (-47, -34), (-46, -34), (-46, -35), (-45, -35), (-45, -36), (-44, -36), (-44, -37), (-43, -37), (-43, -38), (-42, -38)]
24, (24, 0), [(-144, -4), (-143, -4), (-142, -4), (-141, -4), (-140, -4), (-139, -4), (-138, -4), (-137, -4), (-136, -4), (-135, -4), (-134, -4), (-133, -4), (-132, -4), (-131, -4), (-130, -4), (-129, -4), (-128, -4), (-127, -4), (-126, -4), (-125, -4), (-124, -4), (-123, -4), (-122, -4), (-121, -4), (-120, -4)]
16, (-2, 14), [(14, 85), (13, 85), (13, 86), (12, 86), (12, 87), (12, 88), (12, 89), (12, 90), (12, 91), (12, 92), (12, 93), (12, 94), (12, 95), (12, 96), (12, 97), (12, 98), (12, 99)]
30, (19, -10), [(114, 8), (114, 7), (115, 7), (115, 6), (116, 6), (116, 5), (116, 5), (117, 5), (117, 4), (118, 4), (118, 3), (119, 3), (119, 2), (120, 2), (120, 1), (121, 1), (121, 0), (122, 0), (123, 0), (124, 0), (125, 0), (126, 0), (127, 0), (128, 0), (128, -1), (129, -1), (129, -2), (130, -2), (131, -2), (132, -2), (133, -2)]
13, (11, 2), [(-40, 33), (-39, 33), (-39, 34), (-38, 34), (-38, 35), (-37, 35), (-36, 35), (-35, 35), (-34, 35), (-33, 35), (-32, 35), (-31, 35), (-30, 35), (-29, 35)]
65, (-30, -20), [(42, -8), (41, -8), (41, -9), (40, -9), (40, -10), (39, -10), (39, -11), (38, -11), (38, -12), (37, -12), (37, -13), (36, -13), (36, -14), (35, -14), (35, -15), (34, -15), (34, -16), (33, -16), (33, -17), (32, -17), (32, -18), (31, -18), (31, -19), (30, -19), (30, -20), (29, -20), (29, -21), (28, -21), (28, -22), (27, -22), (27, -23), (26, -23), (26, -24), (26, -25), (26, -26), (25, -26), (25, -27), (24, -27), (24, -28), (23, -28), (22, -28), (22, -29), (21, -29), (20, -29), (19, -29), (18, -29), (18, -30), (17, -30), (17, -31), (17, -30), (16, -30), (16, -29), (16, -29), (16, -29), (16, -29), (15, -29), (14, -29), (13, -29), (13, -29), (13, -29), (13, -29), (13, -28), (13, -28), (13, -28), (13, -28), (12, -28)]
9, (-1, -8), [(12, 99), (12, 98), (11, 98), (11, 97), (11, 96), (11, 95), (11, 94), (11, 93), (11, 92), (11, 91)]
38, (-28, -7), [(-130, 164), (-131, 164), (-131, 163), (-132, 163), (-132, 162), (-133, 162), (-133, 161), (-134, 161), (-134, 160), (-135, 160), (-135, 159), (-136, 159), (-136, 158), (-137, 158), (-137, 157), (-138, 157), (-139, 157), (-140, 157), (-141, 157), (-142, 157), (-143, 157), (-144, 157), (-145, 157), (-146, 157), (-146, 157), (-146, 157), (-146, 157), (-147, 157), (-148, 157), (-149, 157), (-150, 157), (-151, 157), (-152, 157), (-153, 157), (-154, 157), (-155, 157), (-156, 157), (-157, 157), (-158, 157)]
39, (-19, 18), [(18, 71), (17, 71), (16, 71), (16, 70), (15, 70), (14, 70), (13, 70), (12, 70), (11, 70), (10, 70), (9, 70), (8, 70), (8, 71), (7, 71), (7, 72), (6, 72), (6, 73), (5, 73), (5, 74), (4, 74), (4, 75), (3, 75), (3, 76), (2, 76), (2, 77), (1, 77), (1, 78), (0, 78), (0, 79), (-1, 79), (-1, 80), (-1, 81), (-1, 82), (-1, 83), (-1, 84), (-1, 85), (-1, 86), (-1, 87), (-1, 88), (-1, 89)]
34, (8, 23), [(-42, -30), (-42, -29), (-41, -29), (-41, -28), (-40, -28), (-40, -27), (-39, -27), (-39, -26), (-38, -26), (-38, -25), (-37, -25), (-37, -24), (-36, -24), (-36, -23), (-35, -23), (-35, -22), (-34, -22), (-34, -21), (-34, -20), (-34, -19), (-34, -18), (-34, -17), (-34, -16), (-34, -15), (-34, -15), (-34, -15), (-34, -15), (-34, -14), (-34, -13), (-34, -12), (-34, -11), (-34, -10), (-34, -9), (-34, -8), (-34, -7)]
31, (28, 0), [(22, 33), (23, 33), (24, 33), (25, 33), (26, 33), (27, 33), (28, 33), (28, 33), (28, 33), (28, 33), (29, 33), (30, 33), (31, 33), (32, 33), (33, 33), (34, 33), (35, 33), (36, 33), (37, 33), (38, 33), (39, 33), (40, 33), (41, 33), (42, 33), (43, 33), (44, 33), (45, 33), (46, 33), (47, 33), (48, 33), (49, 33), (50, 33)]
37, (19, -15), [(-42, -38), (-42, -39), (-41, -39), (-41, -40), (-40, -40), (-40, -41), (-39, -41), (-39, -42), (-38, -42), (-38, -43), (-38, -43), (-37, -43), (-37, -44), (-36, -44), (-36, -45), (-36, -45), (-35, -45), (-35, -46), (-34, -46), (-34, -47), (-33, -47), (-33, -47), (-33, -48), (-32, -48), (-32, -49), (-31, -49), (-30, -49), (-29, -49), (-29, -50), (-28, -50), (-28, -51), (-27, -51), (-27, -52), (-26, -52), (-26, -53), (-25, -53), (-24, -53), (-23, -53)]
31, (-8, -23), [(11, 91), (10, 91), (10, 90), (9, 90), (9, 89), (8, 89), (8, 88), (7, 88), (7, 87), (6, 87), (6, 86), (6, 85), (6, 84), (5, 84), (5, 83), (4, 83), (4, 82), (3, 82), (3, 81), (3, 80), (3, 79), (3, 78), (3, 77), (3, 76), (3, 75), (3, 74), (3, 73), (3, 72), (3, 71), (3, 70), (3, 69), (3, 68)]
