12, (-4, 8), [(1, 0), (0, 0), (-1, 0), (-2, 0), (-2, 1), (-2, 2), (-2, 3), (-3, 3), (-3, 4), (-3, 5), (-3, 6), (-3, 7), (-3, 8)]
13, (2, 8), [(0, 1), (1, 1), (1, 2), (2, 2), (2, 3), (2, 4), (2, 5), (2, 6), (2, 7), (2, 8), (2, 8), (2, 8), (2, 8), (2, 9)]
23, (-16, -6), [(0, 1), (0, 0), (-1, 0), (-2, 0), (-3, 0), (-3, -1), (-4, -1), (-4, -2), (-5, -2), (-5, -3), (-6, -3), (-6, -3), (-6, -4), (-7, -4), (-7, -5), (-8, -5), (-9, -5), (-10, -5), (-11, -5), (-12, -5), (-13, -5), (-14, -5), (-15, -5), (-16, -5)]
25, (0, 19), [(0, -1), (0, 0), (0, 0), (-1, 0), (0, 0), (0, 1), (0, 2), (0, 3), (0, 3), (0, 4), (0, 5), (0, 6), (0, 7), (-1, 7), (-1, 8), (-1, 9), (-1, 10), (-1, 11), (-1, 12), (0, 12), (0, 13), (0, 14), (0, 15), (0, 16), (0, 17), (0, 18)]
31, (-8, -20), [(0, 0), (0, 0), (0, -1), (0, -2), (-1, -2), (-1, -3), (-2, -3), (-2, -4), (-3, -4), (-3, -5), (-4, -5), (-4, -6), (-5, -6), (-5, -7), (-6, -7), (-6, -8), (-7, -8), (-6, -8), (-6, -9), (-6, -10), (-7, -10), (-7, -11), (-7, -12), (-7, -13), (-8, -13), (-8, -14), (-8, -15), (-8, -16), (-8, -17), (-8, -18), (-8, -19), (-8, -20)]
32, (2, -28), [(1, 0), (2, 0), (2, -1), (3, -1), (3, -2), (3, -3), (3, -4), (3, -5), (3, -6), (3, -7), (3, -8), (3, -9), (2, -9), (2, -10), (2, -11), (2, -12), (2, -13), (2, -14), (2, -15), (3, -15), (3, -16), (3, -17), (3, -18), (3, -19), (3, -20), (3, -21), (3, -22), (3, -23), (3, -24), (3, -25), (3, -26), (3, -27), (3, -28)]
41, (12, -26), [(0, 1), (1, 1), (2, 1), (3, 1), (3, 0), (4, 0), (4, -1), (5, -1), (5, -2), (6, -2), (6, -3), (7, -3), (7, -4), (8, -4), (8, -5), (9, -5), (9, -6), (10, -6), (10, -7), (11, -7), (11, -8), (12, -8), (12, -9), (12, -10), (12, -11), (12, -12), (12, -13), (12, -14), (12, -15), (12, -16), (11, -16), (12, -16), (12, -17), (12, -18), (12, -18), (12, -19), (12, -20), (12, -21), (12, -22), (12, -23), (12, -24), (12, -25)]
29, (9, 15), [(-3, 8), (-2, 8), (-1, 8), (0, 8), (1, 8), (2, 8), (2, 9), (3, 9), (3, 10), (4, 10), (4, 11), (5, 11), (5, 12), (6, 12), (6, 13), (6, 14), (6, 15), (6, 16), (6, 17), (5, 17), (5, 18), (6, 18), (6, 19), (6, 20), (6, 20), (6, 20), (6, 20), (6, 21), (6, 22), (6, 23)]
48, (19, 29), [(1, 0), (2, 0), (2, 1), (3, 1), (3, 2), (4, 2), (4, 3), (5, 3), (5, 4), (6, 4), (6, 5), (7, 5), (7, 6), (8, 6), (8, 7), (9, 7), (9, 8), (10, 8), (10, 9), (11, 9), (11, 10), (12, 10), (12, 11), (13, 11), (13, 12), (14, 12), (14, 13), (15, 13), (15, 14), (16, 14), (16, 15), (17, 15), (17, 16), (18, 16), (18, 17), (19, 17), (19, 18), (20, 18), (20, 19), (20, 20), (20, 21), (20, 22), (20, 23), (20, 24), (20, 25), (20, 26), (20, 27), (20, 28), (20, 29)]
36, (30, -3), [(2, 9), (2, 8), (2, 7), (3, 7), (3, 6), (4, 6), (5, 6), (6, 6), (7, 6), (8, 6), (9, 6), (10, 6), (10, 6), (10, 6), (10, 6), (11, 6), (12, 6), (13, 6), (14, 6), (15, 6), (16, 6), (17, 6), (18, 6), (19, 6), (20, 6), (21, 6), (22, 6), (23, 6), (24, 6), (25, 6), (26, 6), (27, 6), (28, 6), (29, 6), (30, 6), (31, 6), (32, 6)]
53, (-30, -20), [(0, -1), (0, -2), (-1, -2), (-1, -3), (-2, -3), (-2, -4), (-3, -4), (-3, -5), (-4, -5), (-4, -6), (-5, -6), (-5, -7), (-6, -7), (-6, -8), (-7, -8), (-7, -9), (-8, -9), (-8, -10), (-8, -10), (-9, -10), (-9, -11), (-10, -11), (-10, -12), (-11, -12), (-11, -13), (-12, -13), (-12, -14), (-13, -14), (-13, -15), (-14, -15), (-14, -16), (-15, -16), (-15, -17), (-16, -17), (-16, -18), (-17, -18), (-17, -19), (-18, -19), (-18, -20), (-19, -20), (-19, -21), (-20, -21), (-20, -22), (-21, -22), (-21, -21), (-22, -21), (-23, -21), (-24, -21), (-25, -21), (-26, -21), (-27, -21), (-28, -21), (-29, -21), (-30, -21)]
32, (-16, -16), [(-16, -5), (-16, -6), (-17, -6), (-17, -7), (-18, -7), (-18, -8), (-19, -8), (-19, -9), (-20, -9), (-20, -10), (-20, -11), (-20, -12), (-20, -13), (-20, -14), (-20, -15), (-20, -16), (-21, -16), (-21, -17), (-22, -17), (-22, -18), (-23, -18), (-23, -19), (-24, -19), (-24, -20), (-25, -20), (-25, -21), (-26, -21), (-27, -21), (-28, -21), (-29, -21), (-30, -21), (-31, -21), (-32, -21)]
24, (22, 2), [(-8, -20), (-8, -19), (-7, -19), (-7, -18), (-6, -18), (-5, -18), (-4, -18), (-3, -18), (-2, -18), (-1, -18), (0, -18), (1, -18), (2, -18), (3, -18), (4, -18), (5, -18), (6, -18), (7, -18), (8, -18), (9, -18), (10, -18), (11, -18), (12, -18), (13, -18), (14, -18)]
56, (-26, -28), [(0, -1), (0, -2), (-1, -2), (-1, -3), (-2, -3), (-2, -4), (-3, -4), (-3, -5), (-4, -5), (-4, -6), (-5, -6), (-5, -7), (-6, -7), (-6, -8), (-7, -8), (-7, -9), (-8, -9), (-8, -10), (-9, -10), (-9, -11), (-10, -11), (-10, -12), (-11, -12), (-11, -13), (-12, -13), (-12, -14), (-13, -14), (-13, -15), (-14, -15), (-14, -16), (-15, -16), (-15, -17), (-16, -17), (-16, -18), (-17, -18), (-17, -19), (-18, -19), (-18, -20), (-19, -20), (-19, -21), (-20, -21), (-20, -22), (-21, -22), (-21, -23), (-22, -23), (-22, -24), (-23, -24), (-23, -25), (-23, -26), (-23, -27), (-23, -27), (-23, -28), (-23, -29), (-23, -29), (-24, -29), (-25, -29), (-26, -29)]
22, (5, 17), [(12, -25), (13, -25), (13, -24), (14, -24), (14, -23), (15, -23), (15, -22), (16, -22), (16, -21), (17, -21), (17, -20), (17, -19), (17, -18), (17, -17), (17, -16), (17, -15), (17, -14), (17, -13), (17, -12), (17, -11), (17, -10), (17, -9), (17, -8)]
11, (-6, -5), [(-30, -21), (-30, -22), (-31, -22), (-31, -23), (-32, -23), (-32, -24), (-33, -24), (-33, -25), (-34, -25), (-34, -26), (-35, -26), (-36, -26)]
22, (-2, -16), [(6, 23), (6, 22), (6, 21), (6, 20), (6, 19), (6, 18), (6, 17), (6, 16), (5, 16), (5, 16), (5, 16), (5, 16), (5, 16), (5, 15), (4, 15), (4, 14), (4, 13), (4, 12), (4, 11), (4, 10), (4, 9), (4, 8), (4, 7)]
21, (21, 0), [(-26, -29), (-25, -29), (-24, -29), (-23, -29), (-22, -29), (-21, -29), (-20, -29), (-19, -29), (-18, -29), (-17, -29), (-16, -29), (-15, -29), (-14, -29), (-13, -29), (-12, -29), (-11, -29), (-10, -29), (-9, -29), (-8, -29), (-7, -29), (-6, -29), (-5, -29)]
47, (-21, 25), [(3, -28), (2, -28), (2, -27), (1, -27), (1, -26), (0, -26), (0, -25), (-1, -25), (-1, -24), (-2, -24), (-2, -23), (-3, -23), (-3, -23), (-3, -22), (-4, -22), (-4, -21), (-5, -21), (-5, -20), (-6, -20), (-6, -19), (-7, -19), (-7, -18), (-8, -18), (-8, -17), (-9, -17), (-9, -16), (-10, -16), (-10, -15), (-11, -15), (-11, -14), (-12, -14), (-12, -13), (-13, -13), (-13, -12), (-14, -12), (-14, -11), (-15, -11), (-15, -10), (-16, -10), (-16, -9), (-17, -9), (-17, -8), (-18, -8), (-18, -7), (-18, -6), (-18, -5), (-18, -4), (-18, -3)]
34, (-29, 3), [(20, 29), (19, 29), (19, 30), (18, 30), (18, 31), (17, 31), (17, 32), (16, 32), (15, 32), (14, 32), (13, 32), (12, 32), (11, 32), (10, 32), (9, 32), (8, 32), (7, 32), (7, 31), (6, 31), (5, 31), (4, 31), (3, 31), (3, 32), (2, 32), (1, 32), (0, 32), (-1, 32), (-2, 32), (-3, 32), (-4, 32), (-5, 32), (-6, 32), (-7, 32), (-8, 32), (-9, 32)]
60, (29, 30), [(0, 18), (0, 19), (1, 19), (2, 19), (3, 19), (4, 19), (5, 19), (5, 20), (6, 20), (6, 21), (7, 21), (7, 22), (8, 22), (8, 23), (9, 23), (9, 24), (10, 24), (10, 25), (10, 25), (11, 25), (11, 26), (12, 26), (12, 27), (13, 27), (13, 28), (14, 28), (14, 29), (15, 29), (15, 30), (16, 30), (16, 31), (17, 31), (18, 31), (19, 31), (19, 32), (20, 32), (20, 33), (21, 33), (21, 34), (22, 34), (22, 35), (23, 35), (23, 36), (24, 36), (24, 37), (25, 37), (25, 38), (26, 38), (26, 39), (27, 39), (27, 40), (28, 40), (28, 41), (29, 41), (29, 42), (29, 43), (29, 44), (29, 45), (29, 46), (29, 47), (29, 48)]
41, (-22, -19), [(32, 6), (31, 6), (31, 5), (30, 5), (30, 4), (29, 4), (29, 3), (28, 3), (28, 2), (27, 2), (27, 1), (26, 1), (26, 0), (25, 0), (25, -1), (24, -1), (24, -2), (23, -2), (23, -3), (22, -3), (22, -4), (21, -4), (21, -5), (20, -5), (20, -6), (19, -6), (19, -7), (18, -7), (18, -8), (17, -8), (17, -9), (16, -9), (16, -10), (15, -10), (15, -11), (14, -11), (14, -12), (13, -12), (13, -13), (12, -13), (11, -13), (10, -13)]
13, (-1, 12), [(-18, -3), (-19, -3), (-19, -2), (-19, -1), (-19, 0), (-19, 1), (-19, 2), (-19, 3), (-19, 4), (-19, 5), (-19, 6), (-19, 7), (-19, 8), (-19, 9)]
15, (4, 11), [(-9, 32), (-8, 32), (-8, 33), (-7, 33), (-7, 34), (-6, 34), (-6, 35), (-5, 35), (-5, 36), (-5, 37), (-5, 38), (-5, 39), (-5, 40), (-5, 41), (-5, 42), (-5, 43)]
48, (30, -15), [(-32, -21), (-31, -21), (-31, -22), (-30, -22), (-30, -23), (-29, -23), (-29, -24), (-28, -24), (-28, -25), (-27, -25), (-27, -26), (-26, -26), (-25, -26), (-24, -26), (-24, -27), (-23, -27), (-23, -28), (-22, -28), (-22, -29), (-21, -29), (-21, -30), (-20, -30), (-20, -31), (-19, -31), (-19, -32), (-18, -32), (-18, -33), (-17, -33), (-17, -34), (-16, -34), (-16, -35), (-15, -35), (-15, -36), (-14, -36), (-13, -36), (-12, -36), (-11, -36), (-10, -36), (-9, -36), (-8, -36), (-7, -36), (-6, -36), (-5, -36), (-5, -36), (-5, -36), (-5, -36), (-4, -36), (-3, -36), (-2, -36)]
48, (22, 18), [(14, -18), (14, -17), (15, -17), (15, -16), (16, -16), (16, -15), (17, -15), (17, -14), (18, -14), (18, -13), (19, -13), (19, -12), (20, -12), (20, -11), (21, -11), (21, -10), (22, -10), (22, -9), (23, -9), (23, -8), (24, -8), (24, -7), (24, -7), (24, -7), (24, -7), (24, -7), (25, -7), (25, -6), (26, -6), (26, -5), (27, -5), (27, -4), (28, -4), (28, -3), (29, -3), (29, -2), (30, -2), (30, -2), (30, -2), (30, -2), (30, -2), (30, -1), (31, -1), (31, 0), (32, 0), (33, 0), (34, 0), (35, 0), (36, 0)]
27, (18, -9), [(-5, -29), (-5, -30), (-4, -30), (-4, -31), (-3, -31), (-3, -32), (-2, -32), (-2, -33), (-1, -33), (-1, -34), (0, -34), (0, -35), (1, -35), (1, -36), (2, -36), (2, -37), (3, -37), (3, -38), (4, -38), (5, -38), (6, -38), (7, -38), (8, -38), (9, -38), (10, -38), (11, -38), (12, -38), (13, -38)]
42, (-29, 11), [(17, -8), (16, -8), (16, -7), (15, -7), (15, -6), (14, -6), (14, -5), (13, -5), (12, -5), (11, -5), (10, -5), (9, -5), (8, -5), (7, -5), (6, -5), (6, -6), (5, -6), (4, -6), (3, -6), (2, -6), (1, -6), (0, -6), (0, -5), (-1, -5), (-1, -4), (-2, -4), (-2, -3), (-3, -3), (-3, -2), (-4, -2), (-4, -1), (-5, -1), (-5, 0), (-6, 0), (-6, 1), (-7, 1), (-7, 2), (-8, 2), (-8, 3), (-9, 3), (-10, 3), (-11, 3), (-12, 3)]
50, (-27, 18), [(4, 7), (3, 7), (3, 8), (2, 8), (2, 9), (2, 10), (2, 11), (2, 12), (2, 13), (2, 13), (1, 13), (1, 14), (1, 14), (0, 14), (0, 15), (-1, 15), (-1, 16), (-2, 16), (-2, 17), (-3, 17), (-3, 18), (-4, 18), (-4, 19), (-5, 19), (-5, 20), (-6, 20), (-6, 21), (-7, 21), (-7, 22), (-8, 22), (-8, 23), (-9, 23), (-9, 24), (-10, 24), (-10, 25), (-11, 25), (-12, 25), (-13, 25), (-14, 25), (-15, 25), (-16, 25), (-17, 25), (-18, 25), (-19, 25), (-20, 25), (-21, 25), (-22, 25), (-22, 25), (-22, 25), (-22, 25), (-23, 25)]
11, (-8, -3), [(36, 0), (35, 0), (35, -1), (34, -1), (34, -2), (33, -2), (33, -3), (32, -3), (31, -3), (30, -3), (29, -3), (28, -3)]
58, (-27, -24), [(-36, -26), (-37, -26), (-37, -27), (-38, -27), (-38, -28), (-39, -28), (-39, -29), (-40, -29), (-40, -30), (-41, -30), (-41, -31), (-42, -31), (-42, -32), (-43, -32), (-43, -33), (-44, -33), (-44, -34), (-45, -34), (-45, -35), (-46, -35), (-46, -36), (-47, -36), (-47, -37), (-48, -37), (-48, -38), (-48, -38), (-48, -38), (-48, -38), (-49, -38), (-49, -39), (-50, -39), (-50, -40), (-51, -40), (-51, -40), (-51, -40), (-51, -40), (-51, -41), (-52, -41), (-52, -42), (-53, -42), (-53, -43), (-54, -43), (-54, -44), (-55, -44), (-55, -45), (-56, -45), (-56, -46), (-57, -46), (-57, -47), (-58, -47), (-58, -48), (-59, -48), (-59, -48), (-59, -49), (-60, -49), (-60, -50), (-61, -50), (-62, -50), (-63, -50)]
35, (-18, -17), [(-19, 9), (-20, 9), (-20, 8), (-21, 8), (-21, 7), (-22, 7), (-22, 6), (-23, 6), (-23, 5), (-23, 4), (-23, 3), (-23, 2), (-23, 1), (-23, 0), (-23, -1), (-24, -1), (-24, -2), (-25, -2), (-25, -3), (-26, -3), (-26, -4), (-27, -4), (-27, -5), (-28, -5), (-28, -6), (-29, -6), (-29, -7), (-30, -7), (-30, -8), (-31, -8), (-32, -8), (-33, -8), (-34, -8), (-35, -8), (-36, -8), (-37, -8)]
25, (3, 22), [(-2, -36), (-2, -35), (-1, -35), (-1, -34), (0, -34), (0, -33), (1, -33), (1, -32), (1, -31), (1, -30), (1, -29), (1, -28), (1, -27), (1, -26), (1, -25), (1, -24), (1, -23), (1, -22), (1, -21), (1, -20), (1, -19), (1, -18), (1, -17), (1, -16), (1, -15), (1, -14)]
33, (-24, -6), [(-5, 43), (-6, 43), (-6, 42), (-7, 42), (-7, 41), (-8, 41), (-8, 40), (-9, 40), (-9, 39), (-10, 39), (-10, 38), (-11, 38), (-11, 37), (-12, 37), (-13, 37), (-14, 37), (-15, 37), (-16, 37), (-17, 37), (-18, 37), (-18, 37), (-18, 37), (-18, 37), (-19, 37), (-20, 37), (-21, 37), (-22, 37), (-23, 37), (-24, 37), (-25, 37), (-26, 37), (-27, 37), (-28, 37), (-29, 37)]
26, (-19, 4), [(13, -38), (12, -38), (11, -38), (10, -38), (9, -38), (8, -38), (7, -38), (6, -38), (5, -38), (4, -38), (3, -38), (2, -38), (1, -38), (0, -38), (0, -37), (-1, -37), (-1, -36), (-1, -35), (-1, -35), (-1, -35), (-1, -35), (-2, -35), (-3, -35), (-4, -35), (-5, -35), (-5, -34), (-6, -34)]
46, (27, -19), [(29, 48), (30, 48), (30, 47), (31, 47), (31, 46), (32, 46), (32, 45), (33, 45), (33, 44), (34, 44), (34, 43), (35, 43), (35, 42), (36, 42), (36, 41), (37, 41), (37, 40), (38, 40), (38, 39), (39, 39), (39, 38), (40, 38), (40, 37), (41, 37), (41, 36), (42, 36), (42, 35), (43, 35), (43, 34), (44, 34), (44, 33), (45, 33), (45, 32), (46, 32), (46, 31), (47, 31), (47, 30), (48, 30), (48, 29), (49, 29), (50, 29), (51, 29), (52, 29), (53, 29), (54, 29), (55, 29), (56, 29)]
43, (-27, 16), [(10, -13), (9, -13), (9, -12), (8, -12), (8, -11), (7, -11), (7, -10), (6, -10), (6, -9), (5, -9), (5, -8), (4, -8), (4, -7), (3, -7), (3, -6), (2, -6), (2, -5), (1, -5), (1, -4), (0, -4), (0, -3), (-1, -3), (-1, -2), (-2, -2), (-2, -1), (-3, -1), (-3, 0), (-4, 0), (-4, 1), (-5, 1), (-5, 2), (-6, 2), (-6, 3), (-7, 3), (-8, 3), (-9, 3), (-10, 3), (-11, 3), (-12, 3), (-13, 3), (-14, 3), (-15, 3), (-16, 3), (-17, 3)]
5, (4, -1), [(56, 29), (57, 29), (58, 29), (59, 29), (59, 28), (60, 28)]
31, (15, -16), [(28, -3), (29, -3), (29, -4), (30, -4), (30, -5), (31, -5), (31, -6), (32, -6), (32, -7), (33, -7), (33, -8), (34, -8), (34, -9), (35, -9), (35, -10), (36, -10), (36, -11), (37, -11), (37, -12), (38, -12), (38, -13), (39, -13), (39, -14), (40, -14), (40, -15), (40, -16), (40, -17), (41, -17), (41, -18), (42, -18), (42, -19), (43, -19)]
21, (19, 0), [(-37, -8), (-36, -8), (-36, -9), (-35, -9), (-34, -9), (-33, -9), (-32, -9), (-31, -9), (-30, -9), (-29, -9), (-28, -9), (-27, -9), (-26, -9), (-25, -9), (-24, -9), (-23, -9), (-22, -9), (-21, -9), (-20, -9), (-19, -9), (-19, -8), (-18, -8)]
23, (2, -21), [(1, -14), (2, -14), (2, -15), (3, -15), (3, -16), (3, -17), (3, -18), (3, -19), (3, -20), (3, -21), (3, -22), (3, -23), (3, -24), (3, -25), (3, -26), (3, -27), (3, -28), (3, -29), (3, -30), (3, -31), (3, -32), (3, -33), (3, -34), (3, -35)]
47, (19, 22), [(-12, 3), (-11, 3), (-11, 4), (-10, 4), (-10, 5), (-9, 5), (-8, 5), (-7, 5), (-7, 6), (-6, 6), (-6, 7), (-5, 7), (-5, 8), (-4, 8), (-4, 9), (-3, 9), (-3, 10), (-2, 10), (-2, 11), (-2, 12), (-2, 13), (-1, 13), (-1, 14), (-1, 14), (-1, 14), (-1, 14), (0, 14), (0, 15), (1, 15), (1, 16), (2, 16), (2, 17), (3, 17), (3, 18), (4, 18), (4, 19), (5, 19), (5, 20), (6, 20), (6, 21), (7, 21), (7, 22), (7, 23), (7, 24), (7, 24), (7, 24), (7, 24), (7, 25)]
33, (13, -20), [(-63, -50), (-62, -50), (-62, -51), (-61, -51), (-61, -52), (-60, -52), (-60, -53), (-59, -53), (-59, -54), (-58, -54), (-58, -55), (-57, -55), (-57, -56), (-56, -56), (-56, -57), (-55, -57), (-55, -58), (-54, -58), (-54, -59), (-53, -59), (-53, -60), (-52, -60), (-52, -61), (-51, -61), (-51, -62), (-50, -62), (-50, -63), (-50, -64), (-50, -65), (-50, -66), (-50, -67), (-50, -68), (-50, -69), (-50, -70)]
24, (13, 11), [(-17, 3), (-17, 4), (-16, 4), (-16, 5), (-15, 5), (-15, 6), (-14, 6), (-14, 7), (-13, 7), (-13, 8), (-12, 8), (-12, 9), (-11, 9), (-11, 10), (-10, 10), (-10, 11), (-9, 11), (-9, 12), (-8, 12), (-8, 13), (-7, 13), (-7, 14), (-6, 14), (-5, 14), (-4, 14)]
46, (29, -10), [(-23, 25), (-22, 25), (-21, 25), (-21, 24), (-20, 24), (-20, 23), (-19, 23), (-19, 22), (-18, 22), (-18, 21), (-17, 21), (-17, 20), (-16, 20), (-16, 19), (-15, 19), (-15, 18), (-14, 18), (-14, 17), (-13, 17), (-13, 16), (-12, 16), (-12, 15), (-11, 15), (-10, 15), (-9, 15), (-8, 15), (-7, 15), (-6, 15), (-5, 15), (-4, 15), (-3, 15), (-3, 15), (-3, 15), (-3, 15), (-3, 15), (-2, 15), (-1, 15), (0, 15), (0, 15), (0, 15), (0, 15), (1, 15), (2, 15), (3, 15), (4, 15), (5, 15), (6, 15)]
18, (-16, 2), [(43, -19), (43, -18), (42, -18), (42, -17), (41, -17), (40, -17), (39, -17), (38, -17), (37, -17), (36, -17), (35, -17), (34, -17), (33, -17), (32, -17), (31, -17), (30, -17), (29, -17), (28, -17), (27, -17)]
10, (3, -4), [(-50, -70), (-50, -71), (-49, -71), (-49, -72), (-48, -72), (-48, -72), (-48, -72), (-48, -72), (-48, -73), (-48, -74), (-47, -74)]
37, (-27, 9), [(-6, -34), (-6, -33), (-7, -33), (-7, -32), (-8, -32), (-8, -31), (-9, -31), (-9, -31), (-9, -30), (-10, -30), (-10, -29), (-11, -29), (-12, -29), (-13, -29), (-14, -29), (-15, -29), (-16, -29), (-17, -29), (-18, -29), (-19, -29), (-20, -29), (-21, -29), (-22, -29), (-23, -29), (-24, -29), (-25, -29), (-26, -29), (-27, -29), (-28, -29), (-29, -29), (-29, -28), (-30, -28), (-31, -28), (-32, -28), (-32, -27), (-33, -27), (-33, -26), (-33, -25)]
39, (-8, 25), [(-29, 37), (-29, 38), (-30, 38), (-30, 39), (-31, 39), (-31, 40), (-32, 40), (-32, 41), (-33, 41), (-33, 42), (-34, 42), (-35, 42), (-36, 42), (-36, 43), (-37, 43), (-37, 44), (-37, 45), (-37, 46), (-37, 47), (-37, 48), (-37, 49), (-37, 50), (-37, 51), (-37, 52), (-37, 53), (-37, 53), (-37, 53), (-37, 53), (-37, 54), (-37, 55), (-37, 56), (-37, 57), (-37, 58), (-37, 59), (-37, 59), (-37, 59), (-37, 59), (-37, 60), (-37, 61), (-37, 62)]
18, (15, 3), [(3, -35), (3, -34), (4, -34), (4, -33), (5, -33), (6, -33), (7, -33), (7, -32), (8, -32), (9, -32), (10, -32), (11, -32), (12, -32), (13, -32), (14, -32), (15, -32), (16, -32), (17, -32), (18, -32)]
18, (-11, 7), [(7, 25), (7, 26), (6, 26), (6, 27), (5, 27), (5, 28), (4, 28), (4, 29), (3, 29), (3, 30), (2, 30), (2, 31), (1, 31), (1, 32), (0, 32), (-1, 32), (-2, 32), (-3, 32), (-4, 32)]
21, (14, 7), [(-4, 14), (-4, 15), (-3, 15), (-3, 16), (-2, 16), (-2, 17), (-1, 17), (-1, 18), (0, 18), (1, 18), (2, 18), (2, 19), (3, 19), (3, 20), (4, 20), (4, 21), (5, 21), (6, 21), (7, 21), (8, 21), (9, 21), (10, 21)]
21, (-3, -15), [(6, 15), (6, 14), (5, 14), (5, 13), (4, 13), (4, 12), (3, 12), (3, 11), (3, 10), (3, 9), (3, 8), (3, 7), (3, 6), (3, 6), (3, 6), (3, 6), (3, 5), (3, 4), (3, 3), (3, 2), (3, 1), (3, 0)]
17, (-2, -13), [(27, -17), (27, -18), (28, -18), (28, -19), (28, -20), (28, -21), (28, -22), (28, -23), (28, -24), (27, -24), (27, -25), (26, -25), (26, -26), (25, -26), (25, -27), (25, -28), (25, -29), (25, -30)]
39, (11, -28), [(-18, -8), (-18, -9), (-17, -9), (-17, -10), (-16, -10), (-15, -10), (-14, -10), (-14, -11), (-13, -11), (-13, -12), (-12, -12), (-12, -13), (-11, -13), (-11, -14), (-10, -14), (-10, -15), (-9, -15), (-9, -16), (-8, -16), (-8, -17), (-7, -17), (-7, -18), (-7, -19), (-7, -20), (-7, -21), (-7, -22), (-7, -23), (-7, -24), (-7, -25), (-7, -26), (-7, -27), (-7, -28), (-7, -29), (-7, -30), (-7, -31), (-7, -32), (-7, -33), (-7, -34), (-7, -35), (-7, -36)]
60, (30, -21), [(60, 28), (60, 27), (61, 27), (61, 26), (62, 26), (62, 25), (63, 25), (63, 24), (63, 23), (63, 22), (63, 21), (63, 20), (64, 20), (64, 19), (65, 19), (65, 18), (66, 18), (66, 17), (67, 17), (67, 16), (68, 16), (68, 15), (69, 15), (69, 14), (70, 14), (70, 13), (71, 13), (71, 12), (71, 12), (71, 12), (71, 12), (72, 12), (72, 11), (73, 11), (73, 10), (74, 10), (74, 9), (74, 8), (74, 7), (74, 7), (74, 7), (74, 7), (75, 7), (76, 7), (77, 7), (78, 7), (78, 7), (78, 7), (78, 7), (79, 7), (80, 7), (81, 7), (82, 7), (83, 7), (84, 7), (85, 7), (86, 7), (87, 7), (88, 7), (89, 7), (90, 7)]
34, (-1, -26), [(-33, -25), (-34, -25), (-34, -26), (-34, -27), (-34, -28), (-34, -29), (-34, -30), (-34, -31), (-34, -32), (-34, -33), (-34, -34), (-34, -35), (-34, -36), (-34, -36), (-34, -36), (-34, -36), (-34, -37), (-34, -38), (-34, -39), (-33, -39), (-34, -39), (-34, -40), (-35, -40), (-35, -41), (-35, -42), (-35, -43), (-35, -44), (-34, -44), (-34, -45), (-34, -46), (-34, -47), (-34, -48), (-34, -49), (-34, -50), (-34, -51)]
39, (-16, -19), [(-47, -74), (-47, -75), (-48, -75), (-48, -76), (-49, -76), (-49, -77), (-49, -77), (-50, -77), (-50, -78), (-51, -78), (-51, -79), (-52, -79), (-52, -80), (-53, -80), (-53, -81), (-54, -81), (-54, -82), (-55, -82), (-55, -83), (-56, -83), (-56, -84), (-57, -84), (-57, -85), (-58, -85), (-58, -86), (-59, -86), (-59, -87), (-60, -87), (-60, -88), (-61, -88), (-61, -89), (-62, -89), (-62, -90), (-63, -90), (-63, -91), (-63, -92), (-63, -92), (-63, -92), (-63, -92), (-63, -93)]
45, (-29, 12), [(-37, 62), (-38, 62), (-38, 63), (-39, 63), (-39, 64), (-40, 64), (-40, 65), (-41, 65), (-41, 66), (-42, 66), (-42, 67), (-43, 67), (-43, 68), (-44, 68), (-44, 69), (-45, 69), (-45, 70), (-46, 70), (-46, 71), (-47, 71), (-47, 72), (-48, 72), (-48, 73), (-49, 73), (-49, 73), (-49, 74), (-50, 74), (-50, 74), (-50, 74), (-50, 74), (-51, 74), (-52, 74), (-53, 74), (-54, 74), (-55, 74), (-56, 74), (-57, 74), (-58, 74), (-59, 74), (-60, 74), (-61, 74), (-62, 74), (-63, 74), (-64, 74), (-65, 74), (-66, 74)]
48, (-28, 20), [(-4, 32), (-5, 32), (-6, 32), (-7, 32), (-8, 32), (-8, 33), (-9, 33), (-9, 34), (-10, 34), (-10, 35), (-11, 35), (-11, 36), (-12, 36), (-12, 37), (-13, 37), (-13, 38), (-14, 38), (-14, 39), (-15, 39), (-15, 40), (-16, 40), (-16, 41), (-17, 41), (-17, 42), (-18, 42), (-18, 43), (-19, 43), (-19, 44), (-20, 44), (-20, 45), (-21, 45), (-21, 46), (-22, 46), (-22, 47), (-23, 47), (-23, 48), (-23, 49), (-23, 50), (-24, 50), (-24, 51), (-25, 51), (-25, 52), (-26, 52), (-27, 52), (-28, 52), (-29, 52), (-30, 52), (-31, 52), (-32, 52)]
39, (-24, 4), [(3, 0), (2, 0), (2, 1), (1, 1), (1, 2), (0, 2), (0, 3), (0, 4), (-1, 4), (-2, 4), (-2, 4), (-2, 4), (-2, 4), (-2, 4), (-3, 4), (-3, 4), (-4, 4), (-5, 4), (-6, 4), (-7, 4), (-8, 4), (-9, 4), (-9, 4), (-9, 4), (-9, 4), (-10, 4), (-11, 4), (-12, 4), (-13, 4), (-14, 4), (-15, 4), (-16, 4), (-17, 4), (-17, 4), (-17, 4), (-17, 4), (-18, 4), (-19, 4), (-20, 4), (-21, 4)]
42, (-7, 28), [(10, 21), (9, 21), (9, 22), (8, 22), (8, 23), (7, 23), (7, 24), (6, 24), (6, 25), (5, 25), (5, 26), (4, 26), (4, 27), (3, 27), (3, 28), (3, 28), (3, 28), (3, 28), (3, 28), (3, 28), (3, 28), (3, 28), (3, 29), (3, 30), (3, 31), (3, 32), (3, 33), (3, 34), (3, 35), (3, 36), (3, 37), (3, 38), (3, 39), (3, 40), (3, 41), (3, 42), (3, 43), (3, 44), (3, 45), (3, 46), (3, 47), (3, 48), (3, 49)]
42, (23, -15), [(25, -30), (26, -30), (26, -31), (27, -31), (27, -32), (28, -32), (28, -33), (29, -33), (29, -34), (30, -34), (30, -35), (31, -35), (31, -36), (32, -36), (32, -37), (33, -37), (33, -38), (34, -38), (34, -39), (35, -39), (35, -40), (36, -40), (36, -41), (37, -41), (37, -42), (38, -42), (38, -43), (39, -43), (39, -44), (40, -44), (40, -45), (41, -45), (42, -45), (43, -45), (44, -45), (44, -45), (44, -45), (44, -45), (44, -45), (45, -45), (46, -45), (47, -45), (48, -45)]
37, (-6, -27), [(-7, -36), (-8, -36), (-9, -36), (-9, -37), (-10, -37), (-10, -38), (-11, -38), (-11, -39), (-12, -39), (-12, -40), (-13, -40), (-13, -40), (-13, -41), (-13, -42), (-13, -43), (-13, -44), (-13, -45), (-13, -46), (-13, -47), (-13, -48), (-13, -49), (-13, -50), (-13, -51), (-13, -51), (-13, -51), (-13, -51), (-13, -52), (-13, -53), (-13, -54), (-13, -55), (-13, -56), (-13, -57), (-13, -58), (-13, -59), (-13, -60), (-13, -61), (-13, -62), (-13, -63)]
61, (-16, 28), [(18, -32), (18, -31), (17, -31), (16, -31), (15, -31), (14, -31), (13, -31), (12, -31), (11, -31), (11, -30), (10, -30), (9, -30), (8, -30), (8, -29), (7, -29), (7, -28), (6, -28), (5, -28), (4, -28), (4, -27), (3, -27), (3, -26), (2, -26), (2, -25), (2, -24), (2, -23), (2, -23), (2, -23), (2, -23), (2, -23), (2, -23), (2, -23), (2, -23), (2, -22), (2, -21), (2, -20), (2, -19), (2, -18), (2, -17), (2, -17), (2, -17), (2, -17), (2, -16), (2, -15), (2, -14), (2, -13), (2, -12), (2, -11), (2, -10), (2, -10), (2, -10), (2, -10), (2, -9), (2, -8), (2, -7), (2, -6), (2, -6), (2, -6), (2, -6), (2, -6), (2, -5), (2, -4)]
31, (-13, 15), [(-34, -51), (-35, -51), (-35, -50), (-36, -50), (-36, -49), (-37, -49), (-38, -49), (-39, -49), (-39, -48), (-40, -48), (-40, -47), (-41, -47), (-41, -46), (-42, -46), (-42, -45), (-43, -45), (-43, -44), (-44, -44), (-44, -43), (-45, -43), (-45, -42), (-46, -42), (-46, -41), (-46, -41), (-46, -41), (-46, -41), (-47, -41), (-47, -40), (-47, -39), (-47, -38), (-47, -37), (-47, -36)]
18, (-13, -5), [(-32, 52), (-33, 52), (-33, 51), (-34, 51), (-34, 50), (-35, 50), (-35, 49), (-36, 49), (-36, 48), (-37, 48), (-37, 47), (-38, 47), (-39, 47), (-40, 47), (-41, 47), (-42, 47), (-43, 47), (-44, 47), (-45, 47)]
43, (18, 14), [(90, 7), (91, 7), (91, 8), (92, 8), (92, 9), (93, 9), (93, 9), (93, 9), (93, 9), (93, 9), (93, 10), (94, 10), (94, 11), (95, 11), (95, 12), (96, 12), (96, 13), (97, 13), (97, 14), (98, 14), (98, 15), (99, 15), (99, 16), (100, 16), (100, 17), (101, 17), (101, 18), (101, 18), (101, 18), (101, 18), (101, 18), (102, 18), (102, 19), (103, 19), (104, 19), (104, 19), (104, 19), (104, 19), (105, 19), (105, 20), (106, 20), (106, 21), (107, 21), (108, 21)]
34, (-28, 6), [(-63, -93), (-63, -92), (-64, -92), (-64, -91), (-65, -91), (-65, -90), (-66, -90), (-66, -89), (-67, -89), (-67, -88), (-68, -88), (-68, -87), (-69, -87), (-70, -87), (-71, -87), (-72, -87), (-73, -87), (-74, -87), (-75, -87), (-76, -87), (-77, -87), (-78, -87), (-79, -87), (-80, -87), (-81, -87), (-82, -87), (-83, -87), (-84, -87), (-85, -87), (-86, -87), (-87, -87), (-88, -87), (-89, -87), (-90, -87), (-91, -87)]
18, (16, -2), [(3, 49), (3, 48), (4, 48), (5, 48), (6, 48), (6, 47), (7, 47), (8, 47), (9, 47), (10, 47), (11, 47), (12, 47), (13, 47), (14, 47), (15, 47), (16, 47), (17, 47), (18, 47), (19, 47)]
33, (-12, 5), [(-66, 74), (-66, 75), (-67, 75), (-67, 76), (-68, 76), (-68, 77), (-69, 77), (-69, 78), (-70, 78), (-70, 78), (-70, 78), (-70, 78), (-70, 78), (-70, 79), (-71, 79), (-72, 79), (-72, 78), (-72, 78), (-73, 78), (-73, 79), (-73, 79), (-73, 80), (-73, 79), (-74, 79), (-74, 79), (-74, 79), (-74, 79), (-75, 79), (-76, 79), (-77, 79), (-77, 79), (-77, 79), (-77, 79), (-78, 79)]
25, (-18, 7), [(48, -45), (47, -45), (47, -44), (46, -44), (46, -43), (45, -43), (45, -42), (44, -42), (44, -41), (43, -41), (43, -40), (42, -40), (42, -39), (41, -39), (41, -38), (40, -38), (39, -38), (38, -38), (37, -38), (36, -38), (35, -38), (34, -38), (33, -38), (32, -38), (31, -38), (30, -38)]
21, (1, 18), [(-47, -36), (-46, -36), (-46, -35), (-46, -34), (-46, -33), (-46, -32), (-46, -31), (-47, -31), (-47, -30), (-46, -30), (-46, -29), (-46, -28), (-46, -27), (-46, -26), (-46, -25), (-46, -24), (-46, -23), (-46, -22), (-46, -21), (-46, -20), (-46, -19), (-46, -18)]
20, (14, -6), [(-91, -87), (-90, -87), (-89, -87), (-89, -88), (-88, -88), (-88, -89), (-87, -89), (-87, -90), (-86, -90), (-86, -91), (-85, -91), (-85, -92), (-84, -92), (-84, -93), (-83, -93), (-82, -93), (-81, -93), (-80, -93), (-79, -93), (-78, -93), (-77, -93)]
21, (-18, 2), [(19, 47), (18, 47), (17, 47), (16, 47), (15, 47), (14, 47), (13, 47), (12, 47), (11, 47), (10, 47), (9, 47), (9, 48), (8, 48), (8, 49), (8, 49), (7, 49), (6, 49), (5, 49), (4, 49), (3, 49), (2, 49), (1, 49)]
43, (29, -8), [(-21, 4), (-20, 4), (-20, 3), (-19, 3), (-19, 2), (-18, 2), (-18, 2), (-18, 2), (-18, 2), (-18, 2), (-18, 1), (-17, 1), (-17, 0), (-16, 0), (-15, 0), (-14, 0), (-13, 0), (-12, 0), (-11, 0), (-10, 0), (-9, 0), (-8, 0), (-7, 0), (-6, 0), (-5, 0), (-4, 0), (-4, 1), (-3, 1), (-2, 1), (-1, 1), (0, 1), (1, 1), (1, 0), (2, 0), (2, -1), (3, -1), (3, -2), (4, -2), (4, -3), (5, -3), (5, -4), (6, -4), (7, -4), (8, -4)]
41, (-25, 16), [(-13, -63), (-13, -62), (-14, -62), (-14, -61), (-15, -61), (-15, -60), (-16, -60), (-16, -59), (-17, -59), (-17, -58), (-18, -58), (-18, -57), (-19, -57), (-19, -56), (-20, -56), (-20, -55), (-21, -55), (-21, -54), (-22, -54), (-22, -53), (-23, -53), (-23, -52), (-24, -52), (-24, -51), (-25, -51), (-25, -50), (-26, -50), (-26, -49), (-27, -49), (-27, -48), (-28, -48), (-28, -47), (-29, -47), (-30, -47), (-31, -47), (-32, -47), (-33, -47), (-34, -47), (-35, -47), (-36, -47), (-37, -47), (-38, -47)]
32, (14, 15), [(108, 21), (109, 21), (109, 22), (110, 22), (110, 23), (111, 23), (111, 24), (112, 24), (112, 25), (113, 25), (113, 26), (113, 26), (113, 26), (113, 26), (114, 26), (114, 27), (115, 27), (115, 28), (116, 28), (116, 29), (117, 29), (117, 30), (118, 30), (118, 31), (119, 31), (119, 32), (120, 32), (120, 33), (121, 33), (121, 34), (122, 34), (122, 35), (122, 36)]
45, (-25, 19), [(2, -4), (2, -3), (1, -3), (1, -2), (0, -2), (0, -1), (-1, -1), (-1, 0), (-2, 0), (-2, 1), (-3, 1), (-3, 2), (-4, 2), (-4, 3), (-5, 3), (-5, 4), (-6, 4), (-6, 5), (-7, 5), (-7, 6), (-8, 6), (-8, 7), (-9, 7), (-9, 7), (-9, 8), (-10, 8), (-10, 9), (-11, 9), (-11, 10), (-12, 10), (-12, 11), (-13, 11), (-13, 12), (-14, 12), (-14, 13), (-15, 13), (-15, 14), (-16, 14), (-17, 14), (-18, 14), (-19, 14), (-20, 14), (-20, 15), (-21, 15), (-22, 15), (-23, 15)]
39, (-21, 15), [(-45, 47), (-45, 48), (-46, 48), (-46, 49), (-47, 49), (-47, 50), (-47, 51), (-47, 52), (-48, 52), (-48, 53), (-49, 53), (-49, 54), (-50, 54), (-50, 55), (-51, 55), (-51, 56), (-52, 56), (-52, 57), (-53, 57), (-53, 58), (-54, 58), (-54, 59), (-55, 59), (-56, 59), (-56, 58), (-57, 58), (-58, 58), (-59, 58), (-60, 58), (-60, 59), (-61, 59), (-61, 60), (-61, 60), (-62, 60), (-62, 61), (-63, 61), (-63, 62), (-64, 62), (-65, 62), (-66, 62)]
25, (-3, 22), [(-77, -93), (-77, -92), (-78, -92), (-78, -91), (-79, -91), (-79, -90), (-80, -90), (-80, -89), (-80, -88), (-80, -87), (-80, -86), (-80, -85), (-80, -84), (-80, -83), (-80, -82), (-80, -81), (-80, -80), (-80, -79), (-80, -78), (-80, -77), (-80, -76), (-80, -75), (-80, -74), (-80, -73), (-80, -72), (-80, -71)]
22, (-15, -7), [(-38, -47), (-39, -47), (-40, -47), (-40, -48), (-41, -48), (-41, -49), (-42, -49), (-42, -50), (-43, -50), (-43, -51), (-44, -51), (-44, -52), (-45, -52), (-45, -53), (-46, -53), (-46, -54), (-47, -54), (-48, -54), (-49, -54), (-50, -54), (-51, -54), (-52, -54), (-53, -54)]
35, (-16, 17), [(-46, -18), (-46, -17), (-47, -17), (-47, -16), (-48, -16), (-48, -15), (-49, -15), (-49, -14), (-50, -14), (-50, -13), (-50, -13), (-51, -13), (-51, -12), (-52, -12), (-52, -11), (-53, -11), (-53, -10), (-54, -10), (-54, -10), (-54, -9), (-55, -9), (-55, -8), (-56, -8), (-56, -7), (-57, -7), (-57, -6), (-58, -6), (-58, -5), (-59, -5), (-59, -4), (-60, -4), (-60, -3), (-61, -3), (-61, -2), (-62, -2), (-62, -1)]
41, (18, 19), [(30, -38), (30, -37), (31, -37), (31, -36), (32, -36), (32, -35), (33, -35), (33, -34), (34, -34), (34, -33), (35, -33), (35, -32), (36, -32), (36, -31), (37, -31), (37, -30), (38, -30), (38, -29), (39, -29), (39, -28), (40, -28), (40, -27), (40, -27), (40, -27), (40, -27), (41, -27), (41, -26), (42, -26), (42, -25), (43, -25), (43, -25), (43, -24), (44, -24), (44, -23), (45, -23), (45, -22), (46, -22), (46, -21), (47, -21), (47, -20), (48, -20), (48, -19)]
13, (11, -2), [(-53, -54), (-52, -54), (-52, -55), (-51, -55), (-51, -56), (-50, -56), (-49, -56), (-48, -56), (-47, -56), (-46, -56), (-45, -56), (-44, -56), (-43, -56), (-42, -56)]
30, (23, 1), [(-23, 15), (-23, 14), (-22, 14), (-21, 14), (-20, 14), (-19, 14), (-18, 14), (-17, 14), (-16, 14), (-16, 15), (-15, 15), (-15, 16), (-14, 16), (-13, 16), (-12, 16), (-11, 16), (-10, 16), (-9, 16), (-8, 16), (-7, 16), (-6, 16), (-5, 16), (-5, 16), (-5, 16), (-5, 16), (-5, 16), (-4, 16), (-3, 16), (-2, 16), (-1, 16), (0, 16)]
59, (-26, -30), [(-78, 79), (-79, 79), (-80, 79), (-80, 78), (-81, 78), (-81, 77), (-82, 77), (-82, 76), (-83, 76), (-84, 76), (-85, 76), (-86, 76), (-87, 76), (-87, 76), (-87, 76), (-87, 76), (-87, 75), (-88, 75), (-88, 74), (-88, 73), (-89, 73), (-90, 73), (-90, 72), (-91, 72), (-91, 71), (-92, 71), (-92, 70), (-93, 70), (-93, 69), (-94, 69), (-94, 68), (-95, 68), (-95, 67), (-96, 67), (-96, 66), (-97, 66), (-97, 65), (-98, 65), (-98, 64), (-99, 64), (-99, 63), (-100, 63), (-100, 62), (-101, 62), (-101, 61), (-102, 61), (-102, 60), (-103, 60), (-103, 59), (-104, 59), (-104, 58), (-104, 57), (-104, 56), (-104, 55), (-104, 54), (-104, 53), (-104, 52), (-104, 51), (-104, 50), (-104, 49)]
38, (-6, -28), [(122, 36), (121, 36), (121, 35), (120, 35), (120, 34), (119, 34), (119, 33), (118, 33), (118, 32), (117, 32), (117, 31), (116, 31), (116, 30), (116, 29), (116, 28), (116, 27), (116, 26), (116, 25), (116, 24), (116, 23), (116, 22), (116, 21), (116, 20), (116, 19), (116, 19), (116, 18), (116, 17), (116, 16), (116, 15), (116, 14), (116, 13), (116, 12), (116, 11), (116, 11), (116, 11), (116, 11), (116, 10), (116, 9), (116, 8)]
51, (21, -25), [(1, 49), (1, 48), (2, 48), (2, 47), (3, 47), (3, 46), (4, 46), (4, 45), (5, 45), (5, 44), (6, 44), (6, 43), (7, 43), (7, 42), (8, 42), (8, 41), (9, 41), (9, 40), (10, 40), (10, 39), (11, 39), (11, 38), (11, 38), (12, 38), (12, 37), (13, 37), (13, 36), (14, 36), (14, 35), (15, 35), (15, 34), (15, 34), (15, 34), (15, 34), (15, 34), (16, 34), (16, 33), (17, 33), (17, 32), (18, 32), (18, 31), (19, 31), (19, 30), (20, 30), (20, 29), (21, 29), (21, 28), (21, 27), (21, 26), (21, 25), (21, 24), (22, 24)]
37, (-22, 11), [(-66, 62), (-66, 62), (-66, 63), (-67, 63), (-67, 64), (-68, 64), (-68, 65), (-69, 65), (-69, 66), (-70, 66), (-70, 67), (-71, 67), (-71, 68), (-72, 68), (-72, 69), (-73, 69), (-73, 70), (-74, 70), (-74, 71), (-75, 71), (-75, 72), (-76, 72), (-76, 73), (-77, 73), (-78, 73), (-79, 73), (-80, 73), (-81, 73), (-82, 73), (-83, 73), (-84, 73), (-85, 73), (-86, 73), (-86, 73), (-86, 73), (-86, 73), (-87, 73), (-88, 73)]
56, (-30, -23), [(8, -4), (7, -4), (7, -5), (6, -5), (6, -6), (5, -6), (4, -6), (3, -6), (3, -7), (2, -7), (2, -8), (1, -8), (1, -9), (0, -9), (0, -10), (-1, -10), (-1, -11), (-2, -11), (-2, -11), (-2, -11), (-2, -11), (-2, -12), (-3, -12), (-3, -13), (-4, -13), (-4, -14), (-5, -14), (-5, -15), (-6, -15), (-6, -16), (-7, -16), (-7, -17), (-8, -17), (-8, -18), (-9, -18), (-9, -19), (-10, -19), (-10, -20), (-11, -20), (-11, -21), (-12, -21), (-12, -22), (-13, -22), (-13, -23), (-14, -23), (-14, -24), (-15, -24), (-15, -25), (-16, -25), (-16, -26), (-17, -26), (-17, -27), (-18, -27), (-19, -27), (-20, -27), (-21, -27), (-22, -27)]
30, (-23, -7), [(48, -19), (48, -20), (47, -20), (47, -21), (46, -21), (46, -22), (45, -22), (45, -23), (44, -23), (44, -24), (43, -24), (43, -25), (42, -25), (42, -26), (41, -26), (40, -26), (39, -26), (38, -26), (37, -26), (36, -26), (35, -26), (34, -26), (33, -26), (32, -26), (31, -26), (30, -26), (29, -26), (28, -26), (27, -26), (26, -26), (25, -26)]
33, (-22, 11), [(-62, -1), (-63, -1), (-63, 0), (-64, 0), (-64, 1), (-65, 1), (-65, 2), (-66, 2), (-66, 3), (-67, 3), (-67, 4), (-68, 4), (-68, 5), (-69, 5), (-69, 6), (-70, 6), (-70, 7), (-71, 7), (-71, 8), (-72, 8), (-72, 9), (-73, 9), (-73, 10), (-74, 10), (-75, 10), (-76, 10), (-77, 10), (-78, 10), (-79, 10), (-80, 10), (-81, 10), (-82, 10), (-83, 10), (-84, 10)]
21, (9, 12), [(0, 16), (0, 17), (1, 17), (1, 18), (2, 18), (3, 18), (4, 18), (4, 19), (5, 19), (5, 20), (6, 20), (6, 21), (7, 21), (7, 22), (8, 22), (8, 23), (9, 23), (9, 24), (9, 25), (9, 26), (9, 27), (9, 28)]
55, (-23, -27), [(-80, -71), (-80, -72), (-81, -72), (-81, -73), (-82, -73), (-82, -74), (-83, -74), (-83, -75), (-84, -75), (-84, -76), (-85, -76), (-85, -77), (-86, -77), (-86, -78), (-87, -78), (-87, -79), (-88, -79), (-88, -80), (-89, -80), (-89, -81), (-90, -81), (-90, -82), (-91, -82), (-91, -83), (-92, -83), (-92, -84), (-92, -85), (-92, -86), (-93, -86), (-93, -87), (-94, -87), (-94, -88), (-95, -88), (-95, -89), (-96, -89), (-96, -90), (-96, -90), (-96, -90), (-96, -90), (-97, -90), (-97, -90), (-97, -91), (-98, -91), (-98, -92), (-99, -92), (-99, -93), (-100, -93), (-101, -93), (-102, -93), (-102, -94), (-103, -94), (-103, -95), (-103, -96), (-103, -96), (-103, -97), (-103, -98)]
34, (20, -14), [(116, 8), (116, 7), (117, 7), (117, 6), (118, 6), (118, 5), (119, 5), (119, 4), (120, 4), (120, 3), (121, 3), (121, 2), (122, 2), (122, 1), (123, 1), (123, 0), (124, 0), (124, -1), (125, -1), (125, -2), (126, -2), (126, -3), (127, -3), (127, -4), (128, -4), (128, -5), (129, -5), (129, -6), (130, -6), (131, -6), (132, -6), (133, -6), (134, -6), (135, -6), (136, -6)]
22, (-8, -8), [(-84, 10), (-85, 10), (-85, 9), (-86, 9), (-86, 8), (-87, 8), (-87, 7), (-88, 7), (-88, 6), (-89, 6), (-89, 5), (-90, 5), (-90, 4), (-91, 4), (-91, 3), (-91, 3), (-91, 3), (-91, 3), (-92, 3), (-92, 3), (-92, 3), (-92, 3), (-92, 2)]
33, (17, 11), [(22, 24), (21, 24), (21, 25), (21, 26), (21, 27), (21, 28), (22, 28), (22, 29), (23, 29), (23, 30), (24, 30), (24, 31), (25, 31), (25, 32), (26, 32), (26, 33), (27, 33), (27, 33), (27, 33), (27, 33), (27, 34), (27, 35), (28, 35), (29, 35), (30, 35), (31, 35), (32, 35), (33, 35), (34, 35), (35, 35), (36, 35), (37, 35), (38, 35), (39, 35)]
41, (11, -30), [(-104, 49), (-103, 49), (-103, 48), (-102, 48), (-102, 47), (-101, 47), (-101, 46), (-100, 46), (-100, 45), (-99, 45), (-99, 44), (-98, 44), (-98, 43), (-97, 43), (-97, 42), (-96, 42), (-96, 41), (-95, 41), (-95, 40), (-94, 40), (-94, 39), (-93, 39), (-93, 38), (-93, 37), (-93, 36), (-93, 35), (-93, 34), (-93, 33), (-93, 32), (-93, 31), (-93, 30), (-93, 29), (-93, 28), (-93, 27), (-93, 26), (-93, 25), (-93, 24), (-93, 23), (-93, 22), (-93, 21), (-93, 20), (-93, 19)]
46, (-13, 29), [(-42, -56), (-42, -55), (-43, -55), (-43, -54), (-44, -54), (-44, -53), (-45, -53), (-45, -52), (-46, -52), (-46, -51), (-46, -50), (-46, -49), (-47, -49), (-47, -48), (-48, -48), (-48, -47), (-49, -47), (-49, -47), (-49, -47), (-49, -47), (-49, -47), (-49, -46), (-50, -46), (-50, -45), (-51, -45), (-51, -44), (-52, -44), (-52, -43), (-53, -43), (-53, -42), (-54, -42), (-54, -41), (-55, -41), (-55, -40), (-55, -39), (-55, -38), (-55, -37), (-55, -36), (-55, -35), (-55, -34), (-55, -33), (-55, -32), (-55, -31), (-55, -30), (-55, -29), (-55, -28), (-55, -27)]
30, (-15, -8), [(25, -26), (25, -27), (25, -27), (25, -27), (25, -27), (24, -27), (24, -28), (23, -28), (22, -28), (21, -28), (21, -29), (20, -29), (20, -30), (19, -30), (19, -31), (18, -31), (18, -32), (17, -32), (17, -32), (17, -32), (17, -32), (17, -33), (16, -33), (16, -34), (16, -34), (15, -34), (14, -34), (13, -34), (12, -34), (11, -34), (10, -34)]
26, (22, -1), [(9, 28), (10, 28), (10, 27), (11, 27), (12, 27), (13, 27), (14, 27), (15, 27), (16, 27), (17, 27), (18, 27), (19, 27), (20, 27), (20, 27), (21, 27), (21, 28), (22, 28), (23, 28), (24, 28), (25, 28), (26, 28), (26, 27), (27, 27), (28, 27), (29, 27), (30, 27), (31, 27)]
18, (5, -13), [(-103, -98), (-102, -98), (-102, -99), (-101, -99), (-101, -100), (-100, -100), (-100, -101), (-99, -101), (-99, -102), (-98, -102), (-98, -103), (-98, -104), (-98, -105), (-98, -106), (-98, -107), (-98, -108), (-98, -109), (-98, -110), (-98, -111)]
18, (-14, 4), [(136, -6), (136, -5), (135, -5), (135, -4), (134, -4), (134, -3), (133, -3), (133, -2), (132, -2), (131, -2), (130, -2), (129, -2), (128, -2), (127, -2), (126, -2), (125, -2), (124, -2), (123, -2), (122, -2)]
53, (26, -19), [(-88, 73), (-87, 73), (-87, 73), (-87, 72), (-86, 72), (-86, 71), (-85, 71), (-85, 70), (-84, 70), (-84, 69), (-83, 69), (-83, 68), (-82, 68), (-82, 67), (-81, 67), (-81, 66), (-80, 66), (-80, 65), (-79, 65), (-79, 64), (-79, 64), (-79, 64), (-79, 64), (-78, 64), (-78, 63), (-77, 63), (-77, 62), (-76, 62), (-76, 61), (-75, 61), (-75, 60), (-74, 60), (-74, 59), (-73, 59), (-72, 59), (-71, 59), (-71, 58), (-70, 58), (-70, 57), (-69, 57), (-69, 56), (-68, 56), (-68, 55), (-67, 55), (-67, 54), (-67, 54), (-67, 54), (-67, 54), (-67, 54), (-66, 54), (-65, 54), (-64, 54), (-63, 54), (-62, 54)]
15, (11, 2), [(31, 27), (31, 28), (32, 28), (32, 29), (33, 29), (33, 30), (34, 30), (34, 29), (35, 29), (36, 29), (37, 29), (38, 29), (39, 29), (40, 29), (41, 29), (42, 29)]
51, (21, 25), [(-22, -27), (-21, -27), (-21, -26), (-20, -26), (-20, -25), (-19, -25), (-19, -24), (-18, -24), (-18, -23), (-18, -23), (-17, -23), (-17, -22), (-16, -22), (-16, -21), (-15, -21), (-15, -20), (-14, -20), (-14, -19), (-13, -19), (-13, -18), (-12, -18), (-12, -17), (-11, -17), (-11, -16), (-10, -16), (-10, -15), (-9, -15), (-9, -14), (-8, -14), (-8, -13), (-7, -13), (-7, -12), (-6, -12), (-6, -11), (-5, -11), (-5, -10), (-4, -10), (-4, -9), (-3, -9), (-3, -8), (-3, -7), (-3, -6), (-3, -6), (-2, -6), (-2, -5), (-2, -5), (-2, -5), (-2, -5), (-2, -4), (-2, -3), (-2, -2), (-1, -2)]
27, (-20, 1), [(-93, 19), (-93, 20), (-94, 20), (-95, 20), (-95, 19), (-96, 19), (-97, 19), (-98, 19), (-99, 19), (-100, 19), (-101, 19), (-101, 20), (-102, 20), (-103, 20), (-104, 20), (-105, 20), (-106, 20), (-107, 20), (-108, 20), (-108, 20), (-109, 20), (-110, 20), (-111, 20), (-112, 20), (-112, 20), (-112, 20), (-112, 20), (-113, 20)]
31, (6, 21), [(-55, -27), (-55, -26), (-54, -26), (-54, -25), (-53, -25), (-53, -24), (-52, -24), (-52, -23), (-51, -23), (-51, -22), (-51, -22), (-50, -22), (-50, -21), (-49, -21), (-49, -20), (-49, -20), (-49, -20), (-49, -20), (-49, -19), (-49, -18), (-49, -17), (-49, -16), (-49, -15), (-49, -14), (-49, -13), (-49, -12), (-49, -11), (-49, -10), (-49, -9), (-49, -8), (-49, -7), (-49, -6)]
28, (21, 7), [(10, -34), (10, -33), (11, -33), (11, -32), (12, -32), (12, -31), (13, -31), (13, -30), (14, -30), (14, -29), (15, -29), (16, -29), (17, -29), (18, -29), (19, -29), (19, -28), (19, -27), (20, -27), (21, -27), (22, -27), (23, -27), (24, -27), (25, -27), (26, -27), (27, -27), (28, -27), (29, -27), (30, -27), (30, -27)]
41, (19, -16), [(-92, 2), (-92, 1), (-91, 1), (-91, 0), (-90, 0), (-90, -1), (-89, -1), (-89, -2), (-88, -2), (-88, -3), (-87, -3), (-87, -4), (-86, -4), (-86, -5), (-85, -5), (-85, -6), (-84, -6), (-84, -7), (-83, -7), (-83, -8), (-82, -8), (-82, -9), (-81, -9), (-81, -10), (-80, -10), (-80, -10), (-80, -10), (-80, -10), (-80, -11), (-79, -11), (-79, -12), (-78, -12), (-78, -13), (-77, -13), (-77, -14), (-76, -14), (-75, -14), (-75, -14), (-75, -14), (-75, -14), (-74, -14), (-73, -14)]
30, (-1, -29), [(-98, -111), (-98, -112), (-99, -112), (-99, -113), (-99, -114), (-99, -115), (-99, -116), (-99, -117), (-99, -118), (-99, -119), (-99, -120), (-99, -121), (-99, -122), (-99, -123), (-99, -124), (-99, -125), (-99, -126), (-99, -127), (-99, -128), (-99, -129), (-99, -130), (-99, -131), (-99, -132), (-99, -133), (-99, -134), (-99, -135), (-99, -136), (-99, -137), (-99, -138), (-99, -139), (-99, -140)]
48, (-28, -16), [(39, 35), (38, 35), (38, 34), (37, 34), (37, 33), (36, 33), (36, 32), (35, 32), (35, 31), (34, 31), (34, 30), (33, 30), (33, 29), (33, 29), (33, 28), (33, 27), (32, 27), (32, 26), (31, 26), (31, 25), (30, 25), (30, 24), (29, 24), (29, 23), (28, 23), (28, 22), (27, 22), (26, 22), (25, 22), (25, 21), (24, 21), (24, 21), (24, 21), (24, 21), (24, 20), (23, 20), (22, 20), (21, 20), (20, 20), (19, 20), (19, 19), (18, 19), (17, 19), (16, 19), (15, 19), (14, 19), (13, 19), (12, 19), (11, 19)]
33, (-1, 29), [(122, -2), (122, -1), (121, -1), (121, 0), (121, 1), (121, 2), (121, 3), (121, 4), (121, 5), (121, 6), (121, 7), (121, 8), (121, 8), (121, 9), (121, 10), (121, 11), (121, 12), (121, 13), (121, 14), (121, 15), (121, 16), (121, 17), (121, 18), (122, 18), (122, 19), (121, 19), (121, 20), (121, 21), (121, 22), (121, 23), (121, 24), (121, 25), (121, 26), (121, 27)]
26, (1, 16), [(-113, 20), (-112, 20), (-112, 21), (-112, 22), (-112, 23), (-112, 24), (-112, 25), (-112, 26), (-112, 26), (-112, 26), (-112, 26), (-112, 27), (-112, 28), (-112, 29), (-112, 30), (-112, 31), (-112, 32), (-112, 32), (-112, 32), (-112, 32), (-112, 32), (-112, 32), (-112, 32), (-112, 33), (-112, 34), (-112, 35), (-112, 36)]
23, (0, -21), [(-49, -6), (-48, -6), (-48, -7), (-48, -8), (-48, -9), (-48, -10), (-48, -11), (-48, -12), (-48, -13), (-48, -14), (-48, -15), (-48, -16), (-48, -17), (-48, -18), (-48, -19), (-48, -20), (-48, -21), (-48, -22), (-48, -23), (-48, -24), (-49, -24), (-49, -25), (-49, -26), (-49, -27)]
41, (-21, -17), [(-62, 54), (-63, 54), (-63, 53), (-64, 53), (-64, 52), (-65, 52), (-65, 51), (-66, 51), (-66, 50), (-67, 50), (-67, 49), (-68, 49), (-68, 48), (-69, 48), (-69, 47), (-70, 47), (-70, 46), (-71, 46), (-71, 46), (-71, 46), (-71, 46), (-71, 45), (-72, 45), (-72, 44), (-73, 44), (-73, 43), (-74, 43), (-74, 42), (-75, 42), (-75, 41), (-76, 41), (-76, 40), (-77, 40), (-77, 39), (-78, 39), (-78, 38), (-79, 38), (-79, 37), (-80, 37), (-81, 37), (-82, 37), (-83, 37)]
15, (0, -15), [(11, 19), (11, 18), (11, 17), (11, 16), (11, 15), (11, 14), (11, 13), (11, 12), (11, 11), (11, 10), (11, 9), (11, 8), (11, 7), (11, 6), (11, 5), (11, 4)]
30, (13, 17), [(30, -27), (31, -27), (31, -26), (32, -26), (32, -25), (33, -25), (33, -24), (34, -24), (34, -23), (35, -23), (35, -22), (36, -22), (36, -21), (37, -21), (37, -20), (38, -20), (38, -19), (39, -19), (39, -18), (40, -18), (40, -17), (40, -16), (40, -15), (40, -14), (40, -13), (41, -13), (41, -12), (42, -12), (42, -11), (43, -11), (43, -10)]
45, (29, -13), [(-1, -2), (0, -2), (0, -2), (0, -1), (1, -1), (2, -1), (3, -1), (3, -2), (4, -2), (4, -3), (5, -3), (5, -4), (6, -4), (6, -5), (7, -5), (7, -6), (8, -6), (8, -7), (9, -7), (9, -8), (10, -8), (10, -9), (11, -9), (11, -10), (12, -10), (12, -11), (13, -11), (13, -12), (14, -12), (14, -13), (15, -13), (15, -14), (16, -14), (16, -15), (17, -15), (18, -15), (19, -15), (20, -15), (21, -15), (22, -15), (23, -15), (24, -15), (25, -15), (26, -15), (27, -15), (28, -15)]
25, (-3, -22), [(121, 27), (120, 27), (120, 26), (119, 26), (119, 25), (118, 25), (118, 24), (118, 23), (118, 22), (118, 21), (118, 20), (118, 19), (118, 18), (118, 17), (118, 16), (118, 15), (118, 14), (118, 13), (118, 12), (118, 11), (118, 10), (118, 9), (118, 8), (118, 7), (118, 6), (118, 5)]
37, (26, -11), [(-73, -14), (-72, -14), (-72, -15), (-71, -15), (-71, -16), (-70, -16), (-70, -17), (-69, -17), (-69, -18), (-68, -18), (-68, -19), (-67, -19), (-67, -20), (-66, -20), (-66, -21), (-65, -21), (-65, -22), (-64, -22), (-64, -23), (-63, -23), (-63, -24), (-62, -24), (-62, -25), (-61, -25), (-60, -25), (-59, -25), (-58, -25), (-57, -25), (-56, -25), (-55, -25), (-54, -25), (-53, -25), (-52, -25), (-51, -25), (-50, -25), (-49, -25), (-48, -25), (-47, -25)]
54, (-28, 20), [(42, 29), (41, 29), (41, 30), (40, 30), (40, 31), (39, 31), (39, 32), (38, 32), (38, 33), (37, 33), (37, 34), (36, 34), (36, 35), (35, 35), (35, 36), (34, 36), (34, 37), (33, 37), (33, 38), (32, 38), (32, 39), (31, 39), (31, 40), (30, 40), (30, 41), (29, 41), (29, 42), (28, 42), (28, 43), (27, 43), (27, 44), (26, 44), (26, 45), (25, 45), (25, 46), (24, 46), (24, 47), (24, 47), (24, 47), (24, 47), (23, 47), (23, 48), (22, 48), (22, 49), (21, 49), (20, 49), (19, 49), (18, 49), (18, 49), (18, 49), (18, 49), (17, 49), (16, 49), (15, 49), (14, 49)]
23, (3, -16), [(-49, -27), (-49, -28), (-48, -28), (-48, -29), (-47, -29), (-47, -30), (-46, -30), (-46, -31), (-46, -32), (-46, -33), (-46, -34), (-46, -35), (-46, -36), (-46, -37), (-46, -38), (-46, -39), (-46, -40), (-46, -41), (-46, -41), (-46, -41), (-46, -41), (-46, -41), (-46, -42), (-46, -43)]
38, (29, 4), [(-99, -140), (-98, -140), (-98, -139), (-97, -139), (-97, -138), (-96, -138), (-96, -137), (-95, -137), (-95, -136), (-94, -136), (-93, -136), (-92, -136), (-92, -136), (-92, -136), (-92, -136), (-91, -136), (-90, -136), (-89, -136), (-88, -136), (-88, -137), (-87, -137), (-86, -137), (-86, -136), (-85, -136), (-84, -136), (-83, -136), (-82, -136), (-81, -136), (-80, -136), (-79, -136), (-78, -136), (-77, -136), (-76, -136), (-75, -136), (-74, -136), (-73, -136), (-72, -136), (-71, -136), (-70, -136)]
23, (-15, -5), [(-83, 37), (-84, 37), (-84, 36), (-84, 35), (-84, 34), (-85, 34), (-85, 33), (-86, 33), (-86, 32), (-87, 32), (-88, 32), (-89, 32), (-90, 32), (-91, 32), (-92, 32), (-92, 32), (-92, 32), (-92, 32), (-93, 32), (-94, 32), (-95, 32), (-96, 32), (-97, 32), (-98, 32)]
33, (5, 24), [(-112, 36), (-112, 37), (-111, 37), (-111, 38), (-110, 38), (-110, 39), (-109, 39), (-109, 40), (-109, 40), (-109, 40), (-109, 40), (-109, 40), (-108, 40), (-108, 41), (-107, 41), (-107, 42), (-107, 43), (-107, 44), (-107, 45), (-107, 46), (-107, 47), (-107, 48), (-107, 49), (-107, 50), (-107, 51), (-107, 52), (-107, 53), (-107, 54), (-107, 55), (-107, 56), (-107, 57), (-107, 58), (-107, 59), (-107, 60)]
11, (-3, -6), [(0, 0), (-1, 0), (-2, 0), (-3, 0), (-2, 0), (-3, 0), (-3, -1), (-3, -2), (-3, -3), (-3, -4), (-3, -5), (-3, -6)]
15, (-5, 9), [(0, 0), (-1, 0), (-2, 0), (-3, 0), (-4, 0), (-4, 1), (-4, 2), (-4, 3), (-5, 3), (-5, 4), (-5, 4), (-5, 4), (-5, 4), (-5, 4), (-5, 5), (-5, 6)]
30, (-22, 5), [(0, 1), (0, 2), (0, 3), (-1, 3), (-1, 4), (-2, 4), (-2, 5), (-3, 5), (-3, 6), (-4, 6), (-5, 6), (-6, 6), (-7, 6), (-8, 6), (-9, 6), (-10, 6), (-11, 6), (-12, 6), (-13, 6), (-14, 6), (-15, 6), (-16, 6), (-17, 6), (-18, 6), (-19, 6), (-19, 6), (-19, 6), (-19, 6), (-20, 6), (-21, 6), (-22, 6)]
40, (9, -26), [(1, 0), (2, 0), (2, -1), (3, -1), (3, -2), (4, -2), (4, -3), (5, -3), (5, -4), (6, -4), (6, -5), (7, -5), (7, -6), (8, -6), (8, -7), (9, -7), (9, -8), (10, -8), (10, -9), (10, -10), (10, -11), (10, -12), (9, -12), (9, -13), (9, -14), (10, -14), (10, -15), (10, -16), (10, -17), (10, -18), (10, -19), (10, -20), (10, -21), (10, -22), (10, -23), (10, -23), (10, -23), (10, -23), (10, -24), (10, -25), (10, -26)]
42, (-6, 28), [(0, 1), (-1, 1), (-1, 1), (-2, 1), (-3, 1), (-4, 1), (-5, 1), (-6, 1), (-6, 1), (-6, 2), (-6, 2), (-6, 2), (-6, 2), (-6, 2), (-6, 3), (-6, 4), (-6, 5), (-6, 6), (-6, 7), (-6, 8), (-6, 9), (-5, 9), (-5, 10), (-6, 10), (-6, 11), (-6, 12), (-6, 13), (-6, 14), (-6, 15), (-6, 16), (-6, 17), (-6, 18), (-6, 19), (-6, 20), (-6, 21), (-6, 22), (-6, 23), (-6, 24), (-6, 25), (-6, 26), (-6, 27), (-6, 28), (-6, 29)]
42, (26, 16), [(-1, 0), (0, 0), (0, 1), (1, 1), (1, 2), (2, 2), (2, 3), (3, 3), (3, 4), (4, 4), (4, 5), (5, 5), (5, 6), (6, 6), (6, 7), (7, 7), (7, 8), (8, 8), (8, 9), (9, 9), (9, 10), (10, 10), (10, 11), (11, 11), (11, 12), (12, 12), (12, 13), (13, 13), (13, 14), (14, 14), (14, 15), (15, 15), (15, 16), (16, 16), (17, 16), (18, 16), (19, 16), (20, 16), (21, 16), (22, 16), (23, 16), (24, 16), (25, 16)]
44, (-13, -27), [(0, 1), (-1, 1), (-2, 1), (-3, 1), (-4, 1), (-5, 1), (-6, 1), (-7, 1), (-8, 1), (-8, 0), (-8, 0), (-8, 0), (-8, 0), (-8, 0), (-9, 0), (-9, -1), (-10, -1), (-10, -2), (-11, -2), (-11, -3), (-12, -3), (-12, -4), (-13, -4), (-13, -5), (-13, -6), (-13, -7), (-13, -8), (-13, -9), (-13, -10), (-13, -11), (-13, -12), (-13, -13), (-13, -14), (-13, -15), (-13, -16), (-13, -17), (-13, -18), (-13, -19), (-13, -20), (-13, -21), (-13, -22), (-13, -23), (-13, -24), (-13, -25), (-13, -26)]
45, (-24, 21), [(1, 0), (1, 1), (1, 2), (0, 2), (0, 3), (-1, 3), (-1, 4), (-2, 4), (-2, 5), (-3, 5), (-3, 6), (-4, 6), (-4, 7), (-5, 7), (-5, 8), (-6, 8), (-6, 9), (-7, 9), (-7, 10), (-8, 10), (-8, 11), (-9, 11), (-9, 12), (-10, 12), (-10, 13), (-11, 13), (-11, 14), (-12, 14), (-12, 15), (-13, 15), (-13, 16), (-14, 16), (-14, 17), (-15, 17), (-15, 18), (-16, 18), (-16, 19), (-16, 20), (-16, 21), (-17, 21), (-18, 21), (-19, 21), (-20, 21), (-21, 21), (-22, 21), (-23, 21)]
47, (23, -18), [(1, 0), (2, 0), (2, -1), (3, -1), (3, -2), (4, -2), (4, -3), (5, -3), (5, -4), (6, -4), (6, -5), (7, -5), (7, -6), (8, -6), (8, -7), (9, -7), (9, -8), (10, -8), (10, -9), (11, -9), (11, -10), (12, -10), (12, -11), (13, -11), (13, -12), (14, -12), (14, -13), (15, -13), (15, -14), (16, -14), (16, -15), (17, -15), (17, -16), (18, -16), (19, -16), (20, -16), (21, -16), (22, -16), (22, -17), (23, -17), (23, -17), (23, -17), (23, -17), (23, -18), (23, -18), (23, -18), (23, -18), (24, -18)]
50, (-20, 29), [(-1, 0), (-1, 1), (-1, 2), (-1, 3), (-1, 4), (-2, 4), (-2, 5), (-3, 5), (-3, 6), (-4, 6), (-4, 7), (-5, 7), (-5, 8), (-5, 8), (-6, 8), (-6, 9), (-7, 9), (-7, 10), (-8, 10), (-8, 11), (-9, 11), (-9, 12), (-10, 12), (-10, 13), (-11, 13), (-11, 14), (-12, 14), (-12, 15), (-13, 15), (-13, 16), (-14, 16), (-14, 17), (-15, 17), (-15, 18), (-16, 18), (-16, 19), (-17, 19), (-17, 20), (-18, 20), (-18, 21), (-19, 21), (-19, 22), (-20, 22), (-20, 23), (-21, 23), (-21, 24), (-21, 25), (-21, 26), (-21, 27), (-21, 28), (-21, 29)]
43, (23, 20), [(-5, 6), (-4, 6), (-4, 7), (-3, 7), (-3, 8), (-2, 8), (-2, 9), (-1, 9), (0, 9), (1, 9), (2, 9), (3, 9), (3, 10), (4, 10), (5, 10), (6, 10), (6, 11), (7, 11), (7, 12), (8, 12), (8, 13), (9, 13), (9, 14), (10, 14), (10, 15), (11, 15), (11, 16), (12, 16), (12, 17), (13, 17), (13, 18), (14, 18), (14, 19), (15, 19), (15, 20), (16, 20), (16, 21), (17, 21), (17, 22), (18, 22), (18, 23), (18, 24), (18, 25), (18, 26)]
20, (16, -1), [(25, 16), (26, 16), (26, 15), (27, 15), (28, 15), (29, 15), (30, 15), (31, 15), (32, 15), (33, 15), (34, 15), (35, 15), (36, 15), (36, 15), (36, 15), (36, 15), (37, 15), (38, 15), (39, 15), (40, 15), (41, 15)]
15, (1, -11), [(24, -18), (24, -19), (25, -19), (25, -19), (25, -19), (25, -19), (25, -20), (25, -21), (25, -22), (25, -23), (25, -24), (25, -25), (25, -26), (25, -27), (25, -28), (25, -29)]
25, (20, -1), [(10, -26), (10, -27), (11, -27), (12, -27), (13, -27), (14, -27), (15, -27), (16, -27), (17, -27), (18, -27), (19, -27), (19, -27), (19, -27), (19, -27), (19, -27), (20, -27), (21, -27), (22, -27), (23, -27), (24, -27), (25, -27), (26, -27), (27, -27), (28, -27), (29, -27), (30, -27)]
26, (-17, -8), [(-6, 29), (-6, 28), (-7, 28), (-7, 27), (-8, 27), (-8, 26), (-9, 26), (-9, 25), (-10, 25), (-10, 24), (-11, 24), (-11, 24), (-11, 23), (-12, 23), (-12, 22), (-13, 22), (-13, 21), (-14, 21), (-15, 21), (-16, 21), (-17, 21), (-18, 21), (-19, 21), (-20, 21), (-21, 21), (-22, 21), (-23, 21)]
60, (30, 26), [(-3, -6), (-2, -6), (-2, -5), (-1, -5), (-1, -4), (0, -4), (0, -3), (1, -3), (1, -2), (2, -2), (2, -1), (3, -1), (3, 0), (4, 0), (4, 1), (5, 1), (5, 2), (6, 2), (6, 3), (7, 3), (7, 4), (8, 4), (8, 5), (9, 5), (9, 6), (10, 6), (10, 7), (11, 7), (11, 8), (12, 8), (12, 9), (13, 9), (13, 10), (14, 10), (14, 11), (15, 11), (15, 12), (16, 12), (16, 13), (17, 13), (17, 14), (18, 14), (18, 15), (19, 15), (19, 16), (19, 16), (19, 16), (19, 16), (19, 16), (20, 16), (20, 17), (21, 17), (21, 18), (22, 18), (22, 19), (23, 19), (23, 20), (24, 20), (25, 20), (26, 20), (27, 20)]
49, (-28, 13), [(-22, 6), (-22, 7), (-23, 7), (-23, 8), (-24, 8), (-24, 9), (-25, 9), (-25, 10), (-26, 10), (-26, 11), (-27, 11), (-27, 12), (-28, 12), (-28, 13), (-29, 13), (-29, 14), (-30, 14), (-30, 14), (-30, 14), (-30, 14), (-30, 15), (-31, 15), (-31, 16), (-32, 16), (-32, 17), (-33, 17), (-33, 18), (-34, 18), (-35, 18), (-36, 18), (-37, 18), (-38, 18), (-38, 19), (-39, 19), (-40, 19), (-40, 18), (-41, 18), (-42, 18), (-43, 18), (-43, 18), (-43, 18), (-43, 18), (-44, 18), (-45, 18), (-46, 18), (-46, 19), (-47, 19), (-48, 19), (-49, 19), (-50, 19)]
35, (-7, -28), [(-13, -26), (-13, -27), (-14, -27), (-14, -28), (-15, -28), (-15, -29), (-16, -29), (-16, -30), (-17, -30), (-17, -31), (-18, -31), (-18, -32), (-19, -32), (-19, -33), (-20, -33), (-20, -34), (-20, -35), (-20, -36), (-20, -37), (-20, -38), (-20, -39), (-20, -40), (-20, -41), (-20, -42), (-20, -43), (-20, -44), (-20, -45), (-20, -46), (-20, -47), (-20, -48), (-20, -49), (-20, -50), (-20, -51), (-20, -52), (-20, -53), (-20, -54)]
16, (14, -2), [(30, -27), (31, -27), (31, -28), (32, -28), (32, -29), (33, -29), (34, -29), (35, -29), (36, -29), (37, -29), (38, -29), (39, -29), (40, -29), (41, -29), (42, -29), (43, -29), (44, -29)]
25, (5, -20), [(25, -29), (25, -30), (26, -30), (26, -31), (27, -31), (27, -32), (28, -32), (28, -33), (29, -33), (29, -34), (30, -34), (30, -35), (30, -36), (30, -37), (30, -38), (30, -39), (30, -40), (30, -41), (30, -42), (30, -43), (30, -44), (30, -45), (30, -46), (30, -47), (30, -48), (30, -49)]
30, (19, 7), [(18, 26), (18, 27), (19, 27), (19, 28), (20, 28), (20, 29), (21, 29), (21, 30), (22, 30), (22, 31), (23, 31), (23, 32), (24, 32), (24, 33), (25, 33), (26, 33), (27, 33), (27, 32), (28, 32), (29, 32), (30, 32), (30, 31), (31, 31), (32, 31), (33, 31), (33, 32), (34, 32), (34, 33), (35, 33), (36, 33), (37, 33)]
8, (8, 0), [(44, -29), (45, -29), (46, -29), (47, -29), (48, -29), (49, -29), (50, -29), (51, -29), (52, -29)]
24, (12, -12), [(-23, 21), (-23, 20), (-22, 20), (-22, 19), (-22, 18), (-22, 17), (-21, 17), (-21, 16), (-20, 16), (-20, 15), (-19, 15), (-19, 14), (-18, 14), (-18, 13), (-17, 13), (-17, 12), (-16, 12), (-16, 11), (-15, 11), (-15, 10), (-14, 10), (-14, 9), (-13, 9), (-12, 9), (-11, 9)]
23, (-4, 14), [(27, 20), (26, 20), (25, 20), (24, 20), (23, 20), (23, 21), (23, 21), (23, 21), (23, 21), (23, 22), (22, 22), (22, 23), (22, 24), (22, 25), (22, 26), (22, 27), (22, 28), (22, 29), (23, 29), (23, 30), (23, 31), (23, 32), (23, 33), (23, 34)]
52, (28, 24), [(-21, 29), (-21, 30), (-20, 30), (-20, 31), (-19, 31), (-19, 32), (-18, 32), (-18, 33), (-17, 33), (-17, 34), (-16, 34), (-16, 35), (-16, 36), (-16, 37), (-15, 37), (-15, 38), (-14, 38), (-14, 39), (-13, 39), (-13, 40), (-12, 40), (-12, 41), (-11, 41), (-11, 42), (-10, 42), (-10, 43), (-9, 43), (-9, 44), (-8, 44), (-8, 45), (-7, 45), (-7, 46), (-6, 46), (-6, 47), (-5, 47), (-5, 48), (-4, 48), (-4, 49), (-3, 49), (-3, 50), (-2, 50), (-2, 51), (-1, 51), (-1, 52), (0, 52), (0, 53), (1, 53), (2, 53), (3, 53), (4, 53), (5, 53), (6, 53), (7, 53)]
57, (30, -27), [(-23, 21), (-22, 21), (-21, 21), (-20, 21), (-19, 21), (-18, 21), (-17, 21), (-17, 20), (-16, 20), (-16, 19), (-15, 19), (-15, 18), (-14, 18), (-14, 17), (-13, 17), (-13, 16), (-12, 16), (-12, 15), (-11, 15), (-11, 14), (-10, 14), (-10, 13), (-9, 13), (-9, 12), (-8, 12), (-8, 11), (-7, 11), (-7, 10), (-6, 10), (-6, 9), (-5, 9), (-5, 8), (-4, 8), (-4, 7), (-3, 7), (-3, 6), (-2, 6), (-2, 5), (-1, 5), (-1, 4), (0, 4), (0, 3), (1, 3), (1, 2), (2, 2), (2, 1), (3, 1), (3, 0), (3, -1), (3, -2), (3, -3), (3, -4), (4, -4), (4, -5), (5, -5), (5, -6), (6, -6), (7, -6)]
48, (-18, 26), [(41, 15), (41, 16), (40, 16), (40, 17), (39, 17), (39, 18), (38, 18), (38, 19), (37, 19), (37, 20), (36, 20), (36, 20), (36, 20), (36, 20), (36, 20), (36, 21), (35, 21), (35, 22), (34, 22), (34, 23), (33, 23), (33, 24), (32, 24), (32, 25), (31, 25), (31, 26), (30, 26), (30, 27), (29, 27), (29, 28), (28, 28), (28, 29), (27, 29), (27, 30), (26, 30), (26, 31), (25, 31), (25, 32), (24, 32), (24, 33), (23, 33), (23, 34), (23, 35), (23, 36), (23, 37), (23, 38), (23, 39), (23, 40), (23, 41)]
26, (11, -14), [(30, -49), (31, -49), (31, -50), (32, -50), (32, -51), (33, -51), (33, -52), (34, -52), (34, -53), (35, -53), (35, -53), (35, -54), (36, -54), (36, -55), (37, -55), (37, -56), (38, -56), (38, -57), (39, -57), (39, -58), (40, -58), (40, -59), (41, -59), (41, -60), (41, -61), (41, -62), (41, -63)]
27, (14, -10), [(37, 33), (37, 32), (38, 32), (38, 31), (39, 31), (39, 30), (40, 30), (40, 29), (41, 29), (41, 28), (42, 28), (42, 27), (43, 27), (43, 26), (44, 26), (44, 25), (45, 25), (45, 24), (46, 24), (46, 23), (47, 23), (48, 23), (49, 23), (49, 23), (49, 23), (49, 23), (50, 23), (51, 23)]
39, (-19, -20), [(-20, -54), (-21, -54), (-21, -55), (-22, -55), (-22, -56), (-23, -56), (-23, -57), (-24, -57), (-24, -58), (-25, -58), (-25, -59), (-26, -59), (-26, -60), (-27, -60), (-27, -61), (-28, -61), (-28, -62), (-29, -62), (-29, -63), (-30, -63), (-30, -64), (-31, -64), (-31, -65), (-32, -65), (-32, -66), (-33, -66), (-33, -67), (-34, -67), (-34, -68), (-35, -68), (-35, -69), (-36, -69), (-36, -70), (-37, -70), (-37, -71), (-38, -71), (-38, -72), (-39, -72), (-39, -73), (-39, -74)]
44, (-12, -29), [(-50, 19), (-50, 18), (-51, 18), (-51, 17), (-52, 17), (-52, 16), (-53, 16), (-53, 15), (-54, 15), (-54, 14), (-55, 14), (-55, 13), (-56, 13), (-56, 12), (-57, 12), (-57, 11), (-58, 11), (-58, 10), (-59, 10), (-59, 9), (-60, 9), (-60, 8), (-61, 8), (-61, 7), (-61, 6), (-62, 6), (-63, 6), (-63, 5), (-63, 4), (-63, 3), (-63, 2), (-63, 1), (-63, 0), (-62, 0), (-62, 0), (-62, -1), (-62, -2), (-62, -3), (-62, -4), (-62, -5), (-62, -6), (-62, -7), (-62, -8), (-62, -9), (-62, -10)]
36, (-6, -27), [(52, -29), (52, -30), (51, -30), (51, -31), (50, -31), (50, -32), (49, -32), (49, -33), (48, -33), (48, -34), (47, -34), (47, -35), (46, -35), (46, -36), (46, -37), (46, -38), (46, -39), (46, -40), (46, -41), (46, -42), (46, -43), (46, -44), (46, -45), (46, -46), (46, -47), (46, -48), (46, -49), (46, -50), (46, -51), (46, -52), (46, -52), (46, -52), (46, -52), (46, -53), (46, -54), (46, -55), (46, -56)]
19, (-15, -4), [(23, 41), (22, 41), (22, 40), (21, 40), (21, 39), (20, 39), (20, 38), (19, 38), (19, 37), (18, 37), (17, 37), (16, 37), (15, 37), (14, 37), (13, 37), (12, 37), (11, 37), (10, 37), (9, 37), (8, 37)]
40, (18, 21), [(23, 34), (24, 34), (24, 35), (25, 35), (25, 36), (25, 37), (25, 38), (26, 38), (26, 39), (27, 39), (27, 40), (28, 40), (28, 41), (29, 41), (29, 42), (30, 42), (30, 43), (31, 43), (31, 44), (32, 44), (32, 45), (33, 45), (33, 46), (34, 46), (34, 47), (35, 47), (35, 48), (36, 48), (36, 49), (37, 49), (37, 49), (37, 50), (38, 50), (38, 51), (39, 51), (39, 52), (40, 52), (40, 53), (41, 53), (41, 54), (41, 55)]
48, (-18, -27), [(-11, 9), (-12, 9), (-12, 8), (-13, 8), (-13, 7), (-14, 7), (-14, 6), (-15, 6), (-15, 5), (-16, 5), (-16, 4), (-17, 4), (-17, 3), (-18, 3), (-18, 3), (-18, 3), (-18, 3), (-18, 2), (-19, 2), (-19, 1), (-20, 1), (-20, 0), (-21, 0), (-21, -1), (-22, -1), (-22, -2), (-23, -2), (-23, -3), (-24, -3), (-24, -4), (-25, -4), (-25, -5), (-26, -5), (-26, -6), (-27, -6), (-27, -7), (-28, -7), (-28, -8), (-29, -8), (-29, -9), (-29, -10), (-29, -11), (-29, -12), (-29, -13), (-29, -14), (-29, -15), (-29, -16), (-29, -17), (-29, -18)]
26, (-12, 10), [(41, -63), (41, -62), (40, -62), (40, -61), (39, -61), (39, -60), (38, -60), (38, -59), (37, -59), (37, -58), (37, -58), (37, -58), (37, -58), (37, -58), (36, -58), (36, -57), (35, -57), (35, -56), (34, -56), (34, -55), (33, -55), (33, -54), (32, -54), (32, -53), (31, -53), (30, -53), (29, -53)]
40, (16, 24), [(7, -6), (8, -6), (8, -5), (9, -5), (9, -4), (10, -4), (10, -3), (11, -3), (11, -2), (12, -2), (12, -1), (13, -1), (13, 0), (14, 0), (14, 1), (15, 1), (15, 2), (15, 3), (15, 4), (16, 4), (16, 5), (17, 5), (17, 6), (18, 6), (18, 7), (19, 7), (19, 8), (20, 8), (20, 9), (21, 9), (21, 10), (22, 10), (22, 11), (23, 11), (23, 12), (23, 13), (23, 14), (23, 15), (23, 16), (23, 17), (23, 18)]
28, (-25, 0), [(-39, -74), (-40, -74), (-41, -74), (-42, -74), (-43, -74), (-44, -74), (-45, -74), (-45, -74), (-45, -74), (-45, -74), (-46, -74), (-47, -74), (-48, -74), (-49, -74), (-50, -74), (-51, -74), (-52, -74), (-53, -74), (-54, -74), (-55, -74), (-56, -74), (-57, -74), (-58, -74), (-59, -74), (-60, -74), (-61, -74), (-62, -74), (-63, -74), (-64, -74)]
46, (28, -8), [(7, 53), (7, 52), (8, 52), (8, 51), (9, 51), (9, 50), (10, 50), (11, 50), (12, 50), (13, 50), (14, 50), (15, 50), (16, 50), (17, 50), (18, 50), (18, 51), (19, 51), (19, 52), (20, 52), (20, 51), (21, 51), (21, 51), (21, 51), (21, 51), (21, 50), (21, 49), (21, 48), (22, 48), (22, 47), (23, 47), (23, 46), (24, 46), (24, 45), (25, 45), (25, 45), (25, 45), (25, 45), (26, 45), (27, 45), (28, 45), (29, 45), (30, 45), (31, 45), (32, 45), (33, 45), (34, 45), (35, 45)]
23, (-10, 12), [(46, -56), (46, -55), (45, -55), (45, -54), (44, -54), (44, -53), (43, -53), (43, -52), (42, -52), (42, -51), (41, -51), (41, -50), (41, -50), (40, -50), (40, -49), (39, -49), (39, -48), (38, -48), (38, -47), (37, -47), (37, -46), (36, -46), (36, -45), (36, -44)]
30, (16, 13), [(-62, -10), (-62, -9), (-61, -9), (-61, -8), (-61, -7), (-61, -6), (-60, -6), (-60, -5), (-59, -5), (-59, -4), (-58, -4), (-58, -3), (-57, -3), (-57, -2), (-56, -2), (-56, -2), (-56, -1), (-55, -1), (-55, 0), (-54, 0), (-54, 1), (-53, 1), (-53, 2), (-52, 2), (-52, 3), (-51, 3), (-50, 3), (-49, 3), (-48, 3), (-47, 3), (-46, 3)]
14, (-7, 7), [(-29, -18), (-30, -18), (-30, -17), (-31, -17), (-31, -16), (-32, -16), (-32, -15), (-33, -15), (-33, -14), (-34, -14), (-34, -13), (-35, -13), (-35, -12), (-36, -12), (-36, -11)]
44, (28, 15), [(51, 23), (52, 23), (52, 23), (53, 23), (53, 24), (54, 24), (55, 24), (56, 24), (56, 25), (57, 25), (57, 26), (58, 26), (58, 27), (59, 27), (59, 28), (60, 28), (60, 29), (61, 29), (61, 30), (62, 30), (62, 31), (63, 31), (63, 32), (64, 32), (64, 33), (65, 33), (65, 34), (66, 34), (66, 35), (67, 35), (67, 36), (68, 36), (68, 37), (69, 37), (69, 38), (70, 38), (71, 38), (72, 38), (73, 38), (74, 38), (75, 38), (76, 38), (77, 38), (78, 38), (79, 38)]
31, (-9, -22), [(23, 18), (23, 17), (22, 17), (22, 16), (21, 16), (21, 15), (20, 15), (20, 14), (19, 14), (19, 13), (18, 13), (18, 12), (17, 12), (17, 11), (16, 11), (16, 10), (15, 10), (15, 9), (14, 9), (14, 8), (14, 7), (14, 6), (14, 5), (14, 4), (14, 3), (14, 2), (14, 1), (14, 0), (14, -1), (14, -2), (14, -3), (14, -4)]
44, (-10, -29), [(8, 37), (8, 36), (7, 36), (7, 35), (6, 35), (6, 34), (5, 34), (5, 33), (4, 33), (4, 32), (4, 31), (4, 30), (3, 30), (3, 29), (2, 29), (2, 28), (1, 28), (1, 28), (1, 28), (1, 28), (1, 27), (0, 27), (0, 26), (-1, 26), (-1, 25), (-2, 25), (-2, 24), (-2, 23), (-2, 22), (-2, 21), (-2, 20), (-2, 19), (-2, 18), (-2, 17), (-2, 16), (-3, 16), (-3, 15), (-3, 14), (-3, 13), (-3, 12), (-3, 11), (-3, 10), (-2, 10), (-2, 9), (-2, 8)]
27, (15, -12), [(35, 45), (35, 44), (36, 44), (36, 43), (37, 43), (37, 42), (38, 42), (38, 41), (39, 41), (39, 40), (40, 40), (40, 39), (41, 39), (41, 38), (42, 38), (42, 37), (43, 37), (43, 36), (44, 36), (44, 35), (45, 35), (45, 34), (46, 34), (46, 33), (47, 33), (48, 33), (49, 33), (50, 33)]
25, (13, -12), [(36, -44), (36, -45), (37, -45), (37, -46), (38, -46), (38, -47), (39, -47), (39, -48), (40, -48), (40, -49), (41, -49), (41, -50), (42, -50), (42, -51), (43, -51), (43, -52), (44, -52), (44, -53), (45, -53), (45, -54), (46, -54), (46, -55), (47, -55), (47, -56), (48, -56), (49, -56)]
32, (18, -10), [(-64, -74), (-64, -75), (-63, -75), (-63, -76), (-62, -76), (-62, -77), (-61, -77), (-61, -78), (-60, -78), (-60, -79), (-59, -79), (-59, -80), (-58, -80), (-58, -81), (-57, -81), (-57, -82), (-56, -82), (-56, -83), (-55, -83), (-55, -83), (-55, -83), (-55, -83), (-55, -83), (-55, -84), (-54, -84), (-53, -84), (-52, -84), (-51, -84), (-50, -84), (-49, -84), (-48, -84), (-47, -84), (-46, -84)]
55, (25, -29), [(41, 55), (41, 54), (42, 54), (42, 53), (43, 53), (43, 52), (44, 52), (44, 51), (45, 51), (45, 50), (46, 50), (46, 49), (47, 49), (47, 48), (48, 48), (48, 47), (48, 46), (48, 45), (49, 45), (49, 44), (50, 44), (50, 43), (51, 43), (51, 42), (52, 42), (52, 41), (53, 41), (53, 40), (54, 40), (54, 39), (55, 39), (55, 38), (56, 38), (56, 37), (57, 37), (57, 36), (58, 36), (58, 35), (59, 35), (59, 34), (60, 34), (60, 33), (61, 33), (61, 33), (61, 32), (62, 32), (62, 31), (63, 31), (63, 30), (64, 30), (64, 29), (65, 29), (65, 28), (66, 28), (66, 27), (66, 26)]
53, (-30, -16), [(29, -53), (28, -53), (28, -54), (27, -54), (27, -55), (26, -55), (26, -56), (25, -56), (25, -57), (24, -57), (24, -58), (23, -58), (23, -59), (22, -59), (22, -60), (22, -60), (22, -60), (22, -60), (22, -60), (21, -60), (21, -61), (20, -61), (20, -62), (19, -62), (19, -63), (18, -63), (18, -64), (17, -64), (17, -65), (16, -65), (16, -66), (15, -66), (15, -67), (14, -67), (14, -68), (13, -68), (13, -69), (12, -69), (11, -69), (10, -69), (9, -69), (8, -69), (7, -69), (6, -69), (5, -69), (4, -69), (4, -69), (4, -69), (4, -69), (3, -69), (2, -69), (1, -69), (0, -69), (-1, -69)]
40, (6, 28), [(-46, 3), (-45, 3), (-45, 4), (-44, 4), (-44, 5), (-43, 5), (-43, 6), (-42, 6), (-42, 7), (-41, 7), (-41, 8), (-40, 8), (-40, 9), (-40, 10), (-40, 11), (-40, 12), (-40, 13), (-40, 14), (-40, 15), (-40, 16), (-40, 17), (-40, 18), (-40, 19), (-40, 20), (-40, 20), (-40, 20), (-40, 20), (-40, 21), (-40, 22), (-40, 23), (-40, 24), (-40, 25), (-40, 26), (-40, 27), (-40, 28), (-40, 29), (-40, 29), (-40, 29), (-40, 29), (-40, 30), (-40, 31)]
40, (-20, -20), [(-36, -11), (-36, -12), (-37, -12), (-37, -13), (-38, -13), (-38, -14), (-39, -14), (-39, -15), (-40, -15), (-40, -16), (-41, -16), (-41, -17), (-42, -17), (-42, -18), (-43, -18), (-43, -19), (-44, -19), (-44, -20), (-45, -20), (-45, -21), (-46, -21), (-46, -22), (-47, -22), (-47, -23), (-48, -23), (-48, -24), (-49, -24), (-49, -25), (-50, -25), (-50, -26), (-51, -26), (-51, -27), (-52, -27), (-52, -28), (-53, -28), (-53, -29), (-54, -29), (-54, -30), (-55, -30), (-55, -31), (-56, -31)]
24, (-18, -2), [(49, -56), (49, -57), (48, -57), (48, -58), (47, -58), (46, -58), (45, -58), (44, -58), (44, -58), (44, -58), (44, -58), (44, -58), (43, -58), (42, -58), (41, -58), (40, -58), (39, -58), (38, -58), (37, -58), (36, -58), (35, -58), (34, -58), (33, -58), (32, -58), (31, -58)]
27, (20, 3), [(50, 33), (51, 33), (51, 34), (52, 34), (52, 35), (53, 35), (53, 36), (54, 36), (55, 36), (56, 36), (57, 36), (58, 36), (59, 36), (60, 36), (61, 36), (62, 36), (63, 36), (64, 36), (65, 36), (66, 36), (67, 36), (68, 36), (69, 36), (69, 36), (69, 36), (69, 36), (69, 36), (70, 36)]
32, (1, -28), [(-2, 8), (-2, 7), (-1, 7), (-1, 6), (-1, 5), (-1, 4), (-1, 4), (-1, 4), (-1, 4), (-1, 3), (-1, 2), (-1, 1), (-1, 0), (-1, -1), (-1, -2), (-1, -3), (-1, -4), (-1, -5), (-1, -6), (-1, -7), (-1, -8), (-1, -9), (-1, -10), (-1, -11), (-1, -12), (-1, -13), (-1, -14), (-1, -15), (-1, -16), (-1, -17), (-1, -18), (-1, -19), (-1, -20)]
33, (-10, 19), [(-46, -84), (-46, -83), (-47, -83), (-47, -82), (-48, -82), (-48, -81), (-49, -81), (-49, -80), (-50, -80), (-50, -79), (-51, -79), (-51, -78), (-52, -78), (-52, -77), (-53, -77), (-53, -76), (-54, -76), (-54, -75), (-55, -75), (-55, -74), (-56, -74), (-56, -73), (-56, -72), (-56, -71), (-56, -70), (-56, -69), (-56, -68), (-56, -67), (-56, -66), (-56, -66), (-56, -66), (-56, -66), (-56, -66), (-56, -65)]
6, (1, 4), [(-1, -20), (0, -20), (0, -20), (0, -19), (0, -18), (0, -17), (0, -16)]
30, (6, -21), [(66, 26), (66, 25), (67, 25), (67, 24), (68, 24), (68, 23), (69, 23), (69, 22), (70, 22), (70, 21), (71, 21), (71, 20), (72, 20), (72, 19), (72, 18), (72, 17), (72, 16), (72, 15), (72, 14), (72, 13), (72, 13), (72, 13), (72, 13), (72, 12), (72, 11), (72, 10), (72, 9), (72, 8), (72, 7), (72, 6), (72, 5)]
27, (-21, -6), [(-40, 31), (-40, 30), (-41, 30), (-41, 29), (-42, 29), (-42, 28), (-43, 28), (-43, 27), (-44, 27), (-44, 26), (-45, 26), (-46, 26), (-47, 26), (-48, 26), (-49, 26), (-49, 25), (-50, 25), (-51, 25), (-52, 25), (-53, 25), (-54, 25), (-55, 25), (-56, 25), (-57, 25), (-58, 25), (-59, 25), (-60, 25), (-61, 25)]
62, (26, -7), [(79, 38), (79, 37), (79, 36), (80, 36), (80, 35), (81, 35), (81, 34), (82, 34), (82, 34), (82, 33), (82, 33), (82, 33), (82, 33), (83, 33), (83, 32), (84, 32), (84, 32), (84, 32), (84, 32), (84, 31), (85, 31), (86, 31), (87, 31), (88, 31), (89, 31), (90, 31), (91, 31), (92, 31), (93, 31), (94, 31), (95, 31), (96, 31), (97, 31), (97, 32), (98, 32), (98, 33), (99, 33), (99, 34), (99, 33), (99, 34), (99, 33), (99, 34), (99, 33), (99, 34), (99, 33), (99, 34), (99, 33), (99, 34), (99, 33), (99, 34), (99, 33), (99, 34), (99, 33), (99, 34), (99, 33), (100, 33), (101, 33), (101, 32), (102, 32), (102, 31), (103, 31), (104, 31), (105, 31)]
11, (-7, 4), [(0, -16), (0, -15), (-1, -15), (-1, -14), (-2, -14), (-2, -13), (-3, -13), (-3, -12), (-4, -12), (-5, -12), (-6, -12), (-7, -12)]
54, (-30, -22), [(14, -4), (13, -4), (13, -5), (12, -5), (12, -6), (11, -6), (11, -7), (10, -7), (10, -8), (9, -8), (9, -9), (8, -9), (8, -10), (7, -10), (7, -11), (6, -11), (6, -12), (5, -12), (4, -12), (3, -12), (3, -13), (2, -13), (2, -13), (2, -14), (1, -14), (1, -15), (0, -15), (0, -15), (0, -16), (-1, -16), (-1, -17), (-2, -17), (-2, -18), (-3, -18), (-3, -19), (-4, -19), (-4, -20), (-5, -20), (-5, -21), (-6, -21), (-6, -22), (-7, -22), (-7, -23), (-8, -23), (-8, -24), (-9, -24), (-9, -25), (-10, -25), (-10, -26), (-11, -26), (-12, -26), (-13, -26), (-14, -26), (-15, -26), (-16, -26)]
35, (-9, -26), [(-56, -31), (-56, -32), (-57, -32), (-57, -33), (-58, -33), (-58, -34), (-59, -34), (-59, -35), (-60, -35), (-60, -36), (-61, -36), (-61, -37), (-62, -37), (-62, -38), (-63, -38), (-63, -39), (-64, -39), (-64, -40), (-65, -40), (-65, -41), (-65, -42), (-65, -43), (-65, -44), (-65, -45), (-65, -46), (-65, -47), (-65, -48), (-65, -49), (-65, -50), (-65, -51), (-65, -52), (-65, -53), (-65, -54), (-65, -55), (-65, -56), (-65, -57)]
38, (15, 23), [(70, 36), (71, 36), (72, 36), (72, 37), (73, 37), (74, 37), (75, 37), (75, 38), (76, 38), (76, 39), (77, 39), (77, 40), (78, 40), (78, 41), (79, 41), (79, 42), (80, 42), (80, 43), (81, 43), (81, 44), (82, 44), (82, 45), (83, 45), (83, 46), (84, 46), (84, 47), (84, 48), (84, 49), (85, 49), (85, 50), (85, 51), (85, 52), (85, 53), (85, 54), (85, 55), (85, 56), (85, 57), (85, 58), (85, 59)]
48, (-2, 22), [(-1, -69), (-1, -68), (-1, -67), (-1, -66), (-1, -67), (-1, -66), (-1, -67), (-1, -66), (-1, -67), (-1, -66), (-1, -67), (-1, -66), (-1, -67), (-1, -66), (-1, -67), (-1, -66), (-1, -67), (-1, -66), (-1, -67), (-1, -66), (-1, -66), (-2, -66), (-2, -65), (-3, -65), (-3, -64), (-3, -63), (-3, -62), (-3, -61), (-3, -60), (-3, -60), (-3, -60), (-3, -60), (-3, -59), (-3, -58), (-3, -57), (-3, -56), (-3, -56), (-3, -56), (-3, -56), (-3, -55), (-3, -54), (-3, -53), (-3, -52), (-3, -51), (-3, -50), (-3, -49), (-3, -48), (-3, -48), (-3, -47)]
29, (-14, -15), [(-61, 25), (-62, 25), (-62, 24), (-63, 24), (-63, 23), (-64, 23), (-64, 22), (-65, 22), (-65, 21), (-66, 21), (-66, 20), (-67, 20), (-67, 19), (-68, 19), (-68, 18), (-69, 18), (-69, 17), (-70, 17), (-70, 16), (-71, 16), (-71, 15), (-72, 15), (-72, 14), (-73, 14), (-73, 13), (-74, 13), (-74, 12), (-75, 12), (-75, 11), (-75, 10)]
25, (-21, 1), [(-16, -26), (-16, -25), (-17, -25), (-18, -25), (-19, -25), (-20, -25), (-20, -25), (-20, -25), (-20, -25), (-21, -25), (-22, -25), (-23, -25), (-24, -25), (-25, -25), (-26, -25), (-27, -25), (-28, -25), (-29, -25), (-30, -25), (-31, -25), (-32, -25), (-33, -25), (-34, -25), (-35, -25), (-36, -25), (-37, -25)]
52, (-17, 26), [(31, -58), (30, -58), (30, -57), (29, -57), (29, -56), (28, -56), (28, -55), (27, -55), (27, -54), (26, -54), (26, -53), (25, -53), (25, -52), (24, -52), (24, -51), (23, -51), (22, -51), (21, -51), (20, -51), (19, -51), (19, -50), (19, -50), (19, -50), (19, -50), (18, -50), (18, -49), (17, -49), (17, -48), (16, -48), (16, -47), (15, -47), (15, -46), (14, -46), (14, -45), (14, -44), (14, -43), (14, -43), (14, -43), (14, -43), (14, -42), (14, -41), (14, -40), (14, -40), (14, -40), (14, -40), (14, -39), (14, -38), (14, -37), (14, -36), (14, -35), (14, -34), (14, -33), (14, -32)]
32, (-19, -9), [(105, 31), (104, 31), (103, 31), (102, 31), (102, 30), (101, 30), (101, 29), (100, 29), (100, 28), (99, 28), (99, 27), (98, 27), (98, 26), (97, 26), (97, 25), (97, 25), (97, 25), (97, 25), (96, 25), (96, 24), (95, 24), (95, 23), (94, 23), (94, 22), (93, 22), (92, 22), (91, 22), (90, 22), (90, 22), (89, 22), (88, 22), (87, 22), (86, 22)]
49, (-27, -19), [(-56, -65), (-56, -66), (-57, -66), (-57, -67), (-58, -67), (-58, -68), (-59, -68), (-59, -69), (-60, -69), (-60, -70), (-61, -70), (-61, -71), (-62, -71), (-62, -72), (-63, -72), (-63, -73), (-64, -73), (-64, -74), (-65, -74), (-65, -75), (-66, -75), (-66, -76), (-67, -76), (-67, -77), (-68, -77), (-68, -78), (-69, -78), (-69, -79), (-69, -79), (-69, -79), (-69, -79), (-70, -79), (-70, -80), (-71, -80), (-71, -81), (-72, -81), (-72, -82), (-73, -82), (-73, -83), (-74, -83), (-74, -84), (-75, -84), (-76, -84), (-77, -84), (-78, -84), (-79, -84), (-80, -84), (-81, -84), (-82, -84), (-83, -84)]
17, (7, -10), [(14, -32), (14, -33), (15, -33), (15, -34), (16, -34), (16, -35), (17, -35), (17, -36), (18, -36), (18, -37), (19, -37), (19, -38), (20, -38), (20, -39), (21, -39), (21, -40), (21, -41), (21, -42)]
30, (-22, 8), [(-3, -47), (-3, -46), (-4, -46), (-4, -45), (-5, -45), (-5, -44), (-6, -44), (-6, -43), (-7, -43), (-7, -42), (-8, -42), (-8, -41), (-9, -41), (-9, -40), (-10, -40), (-10, -39), (-11, -39), (-12, -39), (-13, -39), (-14, -39), (-15, -39), (-16, -39), (-17, -39), (-18, -39), (-19, -39), (-20, -39), (-21, -39), (-22, -39), (-23, -39), (-24, -39), (-25, -39)]
47, (-24, -20), [(-65, -57), (-66, -57), (-66, -58), (-67, -58), (-67, -59), (-68, -59), (-68, -60), (-69, -60), (-69, -61), (-70, -61), (-70, -62), (-71, -62), (-71, -63), (-72, -63), (-72, -64), (-73, -64), (-73, -65), (-74, -65), (-74, -66), (-75, -66), (-75, -67), (-76, -67), (-76, -68), (-77, -68), (-77, -69), (-77, -70), (-77, -71), (-78, -71), (-78, -71), (-78, -71), (-78, -71), (-78, -72), (-79, -72), (-79, -73), (-80, -73), (-80, -74), (-81, -74), (-81, -75), (-82, -75), (-82, -76), (-83, -76), (-83, -77), (-84, -77), (-85, -77), (-86, -77), (-87, -77), (-88, -77), (-89, -77)]
59, (-25, 30), [(72, 5), (71, 5), (71, 6), (70, 6), (70, 7), (69, 7), (69, 8), (68, 8), (68, 9), (67, 9), (67, 10), (67, 10), (67, 10), (67, 10), (66, 10), (66, 11), (65, 11), (64, 11), (63, 11), (63, 12), (62, 12), (62, 13), (61, 13), (61, 14), (60, 14), (60, 15), (59, 15), (59, 16), (58, 16), (58, 17), (57, 17), (57, 18), (56, 18), (56, 19), (55, 19), (55, 20), (54, 20), (53, 20), (52, 20), (52, 21), (51, 21), (51, 22), (50, 22), (49, 22), (48, 22), (48, 23), (47, 23), (47, 24), (47, 25), (47, 26), (47, 27), (47, 28), (47, 29), (47, 29), (47, 30), (47, 31), (47, 32), (47, 33), (47, 34), (47, 35)]
43, (9, -28), [(85, 59), (85, 58), (86, 58), (86, 57), (87, 57), (87, 56), (88, 56), (88, 55), (89, 55), (89, 54), (90, 54), (90, 53), (91, 53), (91, 52), (92, 52), (92, 51), (93, 51), (93, 50), (94, 50), (94, 49), (94, 48), (94, 47), (94, 46), (94, 45), (94, 44), (94, 43), (94, 42), (94, 41), (94, 40), (94, 39), (94, 39), (94, 39), (94, 39), (94, 38), (94, 37), (94, 36), (94, 35), (94, 34), (94, 34), (94, 34), (94, 34), (94, 33), (94, 32), (94, 31)]
35, (8, -22), [(-75, 10), (-74, 10), (-74, 9), (-73, 9), (-73, 8), (-72, 8), (-72, 7), (-71, 7), (-71, 7), (-71, 7), (-71, 7), (-71, 7), (-71, 6), (-70, 6), (-70, 5), (-69, 5), (-69, 4), (-68, 4), (-68, 3), (-67, 3), (-67, 2), (-67, 1), (-67, 0), (-67, 0), (-67, -1), (-67, -2), (-67, -3), (-67, -4), (-67, -5), (-67, -6), (-67, -7), (-67, -8), (-67, -9), (-67, -10), (-67, -11), (-67, -12)]
34, (-8, 23), [(-37, -25), (-37, -24), (-38, -24), (-38, -23), (-39, -23), (-39, -22), (-40, -22), (-40, -21), (-41, -21), (-41, -20), (-42, -20), (-42, -19), (-43, -19), (-43, -18), (-44, -18), (-44, -17), (-44, -17), (-44, -17), (-44, -17), (-45, -17), (-45, -16), (-45, -15), (-45, -14), (-45, -13), (-45, -12), (-45, -11), (-45, -10), (-45, -9), (-45, -8), (-45, -7), (-45, -6), (-45, -5), (-45, -4), (-45, -3), (-45, -2)]
17, (-11, 6), [(21, -42), (20, -42), (20, -41), (19, -41), (19, -40), (18, -40), (18, -39), (17, -39), (17, -38), (16, -38), (16, -37), (15, -37), (15, -36), (14, -36), (13, -36), (12, -36), (11, -36), (10, -36)]
39, (21, -13), [(86, 22), (86, 21), (87, 21), (87, 20), (88, 20), (88, 19), (89, 19), (89, 18), (90, 18), (90, 17), (91, 17), (91, 16), (92, 16), (92, 15), (93, 15), (93, 14), (94, 14), (94, 13), (95, 13), (95, 12), (96, 12), (96, 11), (96, 11), (96, 11), (96, 11), (97, 11), (97, 10), (98, 10), (98, 9), (99, 9), (100, 9), (101, 9), (102, 9), (103, 9), (103, 10), (104, 10), (105, 10), (106, 10), (106, 9), (107, 9)]
73, (-28, -29), [(-7, -12), (-7, -13), (-8, -13), (-8, -14), (-9, -14), (-9, -15), (-10, -15), (-10, -16), (-11, -16), (-11, -17), (-12, -17), (-12, -18), (-13, -18), (-13, -19), (-14, -19), (-14, -20), (-14, -20), (-15, -20), (-15, -21), (-16, -21), (-16, -22), (-17, -22), (-17, -23), (-18, -23), (-18, -24), (-19, -24), (-19, -25), (-20, -25), (-20, -26), (-21, -26), (-21, -27), (-22, -27), (-22, -28), (-23, -28), (-23, -29), (-23, -30), (-23, -31), (-23, -31), (-23, -31), (-23, -31), (-24, -31), (-24, -32), (-25, -32), (-25, -33), (-26, -33), (-26, -34), (-27, -34), (-27, -35), (-27, -35), (-27, -35), (-27, -35), (-28, -35), (-28, -36), (-29, -36), (-29, -37), (-30, -37), (-30, -38), (-30, -38), (-30, -38), (-30, -38), (-31, -38), (-32, -38), (-33, -38), (-34, -38), (-35, -38), (-35, -39), (-35, -39), (-36, -39), (-36, -40), (-36, -41), (-36, -41), (-36, -41), (-36, -41), (-35, -41)]
42, (-25, -11), [(-83, -84), (-83, -85), (-84, -85), (-84, -86), (-85, -86), (-85, -87), (-86, -87), (-86, -88), (-87, -88), (-87, -89), (-88, -89), (-88, -90), (-88, -90), (-89, -90), (-89, -91), (-89, -92), (-89, -92), (-89, -92), (-89, -92), (-89, -93), (-90, -93), (-90, -94), (-91, -94), (-92, -94), (-93, -94), (-94, -94), (-94, -93), (-95, -93), (-96, -93), (-96, -94), (-97, -94), (-97, -95), (-98, -95), (-99, -95), (-100, -95), (-101, -95), (-102, -95), (-103, -95), (-104, -95), (-105, -95), (-106, -95), (-107, -95), (-108, -95)]
18, (-12, 6), [(-67, -12), (-68, -12), (-68, -11), (-69, -11), (-69, -10), (-70, -10), (-70, -9), (-71, -9), (-71, -8), (-72, -8), (-72, -7), (-73, -7), (-73, -6), (-74, -6), (-75, -6), (-76, -6), (-77, -6), (-78, -6), (-79, -6)]
30, (30, 0), [(47, 35), (48, 35), (49, 35), (50, 35), (51, 35), (52, 35), (53, 35), (54, 35), (55, 35), (56, 35), (57, 35), (58, 35), (59, 35), (60, 35), (61, 35), (62, 35), (63, 35), (64, 35), (65, 35), (66, 35), (67, 35), (68, 35), (69, 35), (70, 35), (71, 35), (72, 35), (73, 35), (74, 35), (75, 35), (76, 35), (77, 35)]
35, (-16, 19), [(-89, -77), (-89, -76), (-90, -76), (-90, -75), (-91, -75), (-91, -74), (-92, -74), (-92, -73), (-93, -73), (-93, -72), (-94, -72), (-94, -71), (-95, -71), (-95, -70), (-96, -70), (-96, -69), (-97, -69), (-97, -68), (-98, -68), (-98, -67), (-99, -67), (-100, -67), (-101, -67), (-101, -66), (-102, -66), (-102, -65), (-103, -65), (-103, -64), (-104, -64), (-104, -63), (-105, -63), (-105, -62), (-105, -61), (-105, -60), (-105, -59), (-105, -58)]
29, (3, -23), [(-45, -2), (-44, -2), (-44, -3), (-43, -3), (-43, -4), (-42, -4), (-42, -5), (-42, -6), (-42, -7), (-42, -8), (-42, -9), (-42, -10), (-42, -11), (-42, -12), (-42, -13), (-42, -14), (-42, -15), (-42, -16), (-42, -16), (-42, -17), (-42, -18), (-42, -19), (-42, -20), (-42, -21), (-41, -21), (-41, -22), (-41, -23), (-42, -23), (-42, -24), (-42, -25)]
45, (-20, 19), [(-25, -39), (-25, -38), (-26, -38), (-26, -37), (-27, -37), (-27, -36), (-28, -36), (-28, -35), (-29, -35), (-29, -34), (-30, -34), (-30, -33), (-31, -33), (-31, -32), (-32, -32), (-32, -31), (-33, -31), (-33, -30), (-34, -30), (-34, -29), (-34, -29), (-34, -29), (-34, -29), (-35, -29), (-35, -28), (-36, -28), (-36, -27), (-37, -27), (-37, -26), (-38, -26), (-38, -25), (-39, -25), (-39, -24), (-40, -24), (-40, -23), (-41, -23), (-41, -22), (-42, -22), (-42, -21), (-42, -21), (-42, -21), (-42, -21), (-43, -21), (-43, -20), (-44, -20), (-45, -20)]
8, (5, 3), [(-105, -58), (-104, -58), (-104, -57), (-103, -57), (-103, -56), (-102, -56), (-102, -55), (-101, -55), (-100, -55)]
40, (27, 5), [(94, 31), (95, 31), (95, 32), (96, 32), (96, 33), (97, 33), (97, 34), (97, 33), (98, 33), (99, 33), (100, 33), (101, 33), (101, 34), (102, 34), (102, 35), (103, 35), (103, 36), (104, 36), (105, 36), (106, 36), (107, 36), (108, 36), (109, 36), (110, 36), (111, 36), (112, 36), (113, 36), (113, 36), (113, 36), (113, 36), (114, 36), (115, 36), (116, 36), (117, 36), (117, 36), (117, 36), (117, 36), (118, 36), (119, 36), (120, 36), (121, 36)]
37, (-21, -15), [(10, -36), (9, -36), (9, -37), (8, -37), (7, -37), (6, -37), (6, -38), (5, -38), (5, -39), (4, -39), (4, -40), (3, -40), (3, -41), (2, -41), (2, -42), (1, -42), (1, -43), (0, -43), (0, -44), (-1, -44), (-1, -45), (-2, -45), (-2, -46), (-3, -46), (-3, -47), (-4, -47), (-4, -48), (-5, -48), (-5, -49), (-6, -49), (-6, -50), (-6, -50), (-7, -50), (-7, -51), (-8, -51), (-9, -51), (-10, -51), (-11, -51)]
34, (20, 11), [(-35, -41), (-36, -41), (-36, -40), (-36, -39), (-35, -39), (-35, -38), (-34, -38), (-34, -37), (-33, -37), (-33, -37), (-33, -36), (-33, -35), (-33, -34), (-32, -34), (-32, -33), (-31, -33), (-31, -32), (-30, -32), (-30, -31), (-29, -31), (-28, -31), (-27, -31), (-26, -31), (-25, -31), (-24, -31), (-23, -31), (-23, -30), (-22, -30), (-21, -30), (-20, -30), (-19, -30), (-18, -30), (-17, -30), (-16, -30), (-15, -30)]
29, (2, -27), [(-108, -95), (-107, -95), (-107, -96), (-106, -96), (-106, -97), (-106, -98), (-106, -99), (-106, -100), (-106, -101), (-106, -102), (-106, -103), (-106, -104), (-106, -105), (-106, -106), (-106, -107), (-106, -108), (-106, -109), (-106, -110), (-106, -111), (-106, -112), (-106, -113), (-106, -114), (-106, -115), (-106, -116), (-106, -117), (-106, -118), (-106, -119), (-106, -120), (-106, -121), (-106, -122)]
29, (-14, -15), [(77, 35), (76, 35), (76, 34), (75, 34), (75, 33), (74, 33), (74, 32), (73, 32), (73, 31), (72, 31), (72, 30), (71, 30), (71, 29), (70, 29), (70, 28), (69, 28), (69, 27), (68, 27), (68, 26), (67, 26), (67, 25), (66, 25), (65, 25), (64, 25), (64, 24), (63, 24), (63, 23), (63, 22), (63, 21), (63, 20)]
58, (-22, 29), [(107, 9), (106, 9), (105, 9), (105, 10), (104, 10), (104, 11), (103, 11), (103, 12), (102, 12), (102, 13), (101, 13), (101, 14), (100, 14), (100, 15), (99, 15), (99, 16), (99, 16), (99, 16), (99, 16), (98, 16), (98, 17), (97, 17), (97, 18), (96, 18), (96, 19), (95, 19), (95, 20), (95, 21), (95, 22), (94, 22), (94, 23), (93, 23), (93, 24), (92, 24), (92, 25), (91, 25), (91, 25), (91, 25), (91, 25), (91, 26), (90, 26), (90, 26), (90, 27), (89, 27), (89, 28), (88, 28), (88, 29), (87, 29), (87, 30), (86, 30), (86, 31), (86, 32), (86, 33), (86, 34), (86, 35), (86, 36), (86, 37), (85, 37), (85, 38)]
47, (25, 22), [(-79, -6), (-78, -6), (-78, -5), (-77, -5), (-77, -4), (-76, -4), (-76, -3), (-75, -3), (-75, -2), (-74, -2), (-74, -1), (-73, -1), (-73, 0), (-72, 0), (-72, 1), (-71, 1), (-71, 2), (-70, 2), (-70, 3), (-69, 3), (-69, 4), (-68, 4), (-68, 5), (-67, 5), (-67, 6), (-66, 6), (-66, 7), (-65, 7), (-65, 8), (-64, 8), (-64, 9), (-63, 9), (-63, 10), (-62, 10), (-62, 11), (-61, 11), (-61, 12), (-60, 12), (-60, 13), (-59, 13), (-59, 14), (-58, 14), (-58, 15), (-57, 15), (-57, 16), (-56, 16), (-55, 16), (-54, 16)]
36, (-6, -27), [(-42, -25), (-42, -26), (-43, -26), (-43, -27), (-44, -27), (-44, -28), (-45, -28), (-45, -29), (-46, -29), (-46, -30), (-47, -30), (-47, -31), (-48, -31), (-48, -32), (-48, -33), (-48, -34), (-48, -35), (-48, -36), (-48, -37), (-48, -38), (-48, -39), (-48, -40), (-48, -41), (-48, -42), (-48, -43), (-48, -44), (-48, -45), (-48, -46), (-48, -47), (-48, -48), (-48, -49), (-48, -50), (-48, -50), (-48, -50), (-48, -50), (-48, -51), (-48, -52)]
36, (25, 6), [(-45, -20), (-44, -20), (-44, -19), (-43, -19), (-43, -18), (-42, -18), (-42, -17), (-42, -16), (-42, -15), (-42, -14), (-41, -14), (-40, -14), (-39, -14), (-38, -14), (-37, -14), (-36, -14), (-35, -14), (-34, -14), (-33, -14), (-32, -14), (-31, -14), (-30, -14), (-30, -14), (-30, -14), (-30, -14), (-29, -14), (-28, -14), (-27, -14), (-26, -14), (-25, -14), (-24, -14), (-23, -14), (-22, -14), (-22, -15), (-21, -15), (-21, -14), (-20, -14)]
12, (11, -1), [(85, 38), (86, 38), (86, 37), (87, 37), (88, 37), (89, 37), (90, 37), (91, 37), (92, 37), (93, 37), (94, 37), (95, 37), (96, 37)]
43, (-25, 14), [(-11, -51), (-11, -50), (-12, -50), (-12, -49), (-13, -49), (-13, -48), (-14, -48), (-14, -47), (-15, -47), (-15, -46), (-16, -46), (-16, -45), (-17, -45), (-17, -44), (-18, -44), (-18, -43), (-19, -43), (-19, -42), (-19, -42), (-19, -42), (-19, -42), (-20, -42), (-20, -41), (-21, -41), (-21, -40), (-21, -39), (-21, -38), (-22, -38), (-22, -37), (-23, -37), (-24, -37), (-25, -37), (-26, -37), (-27, -37), (-28, -37), (-29, -37), (-29, -37), (-30, -37), (-31, -37), (-32, -37), (-33, -37), (-34, -37), (-35, -37), (-36, -37)]
45, (-11, 26), [(121, 36), (120, 36), (120, 37), (119, 37), (119, 38), (119, 38), (118, 38), (118, 39), (117, 39), (117, 40), (116, 40), (116, 41), (115, 41), (115, 42), (114, 42), (114, 43), (113, 43), (113, 44), (112, 44), (111, 44), (110, 44), (110, 45), (109, 45), (109, 46), (109, 46), (109, 47), (109, 48), (109, 48), (109, 48), (109, 48), (109, 48), (110, 48), (110, 49), (110, 50), (110, 51), (110, 52), (110, 53), (110, 54), (110, 55), (110, 56), (110, 57), (110, 58), (110, 59), (110, 60), (110, 61), (110, 62)]
38, (2, -23), [(-15, -30), (-14, -30), (-14, -31), (-13, -31), (-13, -32), (-13, -33), (-13, -34), (-13, -35), (-13, -35), (-13, -35), (-13, -35), (-13, -36), (-13, -37), (-13, -38), (-13, -39), (-13, -40), (-13, -41), (-13, -42), (-13, -43), (-13, -44), (-13, -44), (-13, -44), (-13, -44), (-13, -44), (-13, -45), (-13, -46), (-13, -47), (-14, -47), (-14, -48), (-14, -49), (-14, -50), (-14, -50), (-14, -50), (-14, -50), (-14, -50), (-14, -51), (-14, -52), (-14, -53), (-13, -53)]
31, (16, 14), [(63, 20), (63, 21), (63, 22), (63, 23), (63, 24), (64, 24), (64, 25), (65, 25), (65, 26), (66, 26), (66, 27), (67, 27), (67, 28), (68, 28), (68, 29), (69, 29), (69, 30), (70, 30), (70, 31), (71, 31), (71, 32), (72, 32), (72, 33), (73, 33), (73, 34), (74, 34), (74, 34), (75, 34), (76, 34), (77, 34), (78, 34), (79, 34)]
50, (14, 25), [(-100, -55), (-99, -55), (-99, -54), (-98, -54), (-98, -53), (-97, -53), (-97, -52), (-96, -52), (-96, -51), (-95, -51), (-95, -50), (-94, -50), (-94, -49), (-93, -49), (-93, -48), (-92, -48), (-92, -47), (-91, -47), (-91, -47), (-91, -47), (-91, -47), (-91, -46), (-90, -46), (-90, -45), (-89, -45), (-89, -44), (-88, -44), (-88, -43), (-87, -43), (-87, -43), (-87, -43), (-87, -43), (-86, -43), (-86, -42), (-86, -41), (-86, -40), (-86, -39), (-86, -38), (-86, -37), (-86, -36), (-86, -35), (-86, -35), (-86, -35), (-86, -35), (-86, -35), (-86, -35), (-86, -34), (-86, -33), (-86, -32), (-86, -31), (-86, -30)]
43, (17, -23), [(-106, -122), (-106, -123), (-105, -123), (-105, -124), (-104, -124), (-104, -125), (-103, -125), (-103, -126), (-102, -126), (-102, -127), (-101, -127), (-101, -128), (-100, -128), (-100, -129), (-99, -129), (-99, -130), (-98, -130), (-98, -131), (-97, -131), (-97, -132), (-96, -132), (-96, -133), (-95, -133), (-95, -134), (-94, -134), (-94, -135), (-93, -135), (-93, -136), (-92, -136), (-92, -137), (-91, -137), (-91, -138), (-90, -138), (-90, -139), (-89, -139), (-89, -140), (-89, -141), (-89, -142), (-89, -142), (-89, -142), (-89, -142), (-89, -143), (-89, -144), (-89, -145)]
18, (-1, 17), [(96, 37), (95, 37), (95, 38), (95, 39), (95, 40), (95, 41), (95, 42), (95, 43), (95, 44), (95, 45), (95, 46), (95, 47), (95, 48), (95, 49), (95, 50), (95, 51), (95, 52), (95, 53), (95, 54)]
31, (-11, 20), [(-48, -52), (-48, -51), (-48, -50), (-48, -49), (-49, -49), (-49, -48), (-50, -48), (-50, -47), (-51, -47), (-51, -46), (-52, -46), (-52, -45), (-53, -45), (-53, -44), (-54, -44), (-54, -43), (-55, -43), (-55, -42), (-56, -42), (-56, -41), (-57, -41), (-57, -40), (-58, -40), (-58, -39), (-59, -39), (-59, -38), (-59, -37), (-59, -36), (-59, -35), (-59, -34), (-59, -33), (-59, -32)]
12, (-7, -5), [(95, 54), (95, 53), (94, 53), (94, 52), (93, 52), (93, 51), (93, 50), (93, 49), (92, 49), (91, 49), (90, 49), (89, 49), (88, 49)]
28, (4, 24), [(110, 62), (110, 63), (111, 63), (111, 64), (112, 64), (113, 64), (114, 64), (114, 65), (114, 66), (114, 67), (114, 68), (114, 69), (114, 70), (114, 71), (114, 72), (114, 73), (114, 74), (114, 75), (114, 76), (114, 77), (114, 78), (114, 79), (114, 80), (114, 81), (114, 82), (114, 83), (114, 84), (114, 85), (114, 86)]
29, (16, 10), [(-13, -53), (-13, -52), (-13, -51), (-13, -50), (-12, -50), (-12, -49), (-11, -49), (-11, -49), (-11, -49), (-11, -49), (-11, -48), (-10, -48), (-10, -47), (-9, -47), (-9, -46), (-8, -46), (-8, -45), (-7, -45), (-7, -44), (-6, -44), (-6, -43), (-5, -43), (-4, -43), (-3, -43), (-2, -43), (-1, -43), (0, -43), (1, -43), (2, -43), (3, -43)]
28, (-5, 18), [(-86, -30), (-87, -30), (-87, -31), (-88, -31), (-89, -31), (-89, -30), (-90, -30), (-90, -29), (-91, -29), (-91, -28), (-91, -27), (-91, -26), (-91, -25), (-91, -24), (-91, -23), (-91, -22), (-91, -21), (-91, -20), (-91, -19), (-91, -18), (-91, -17), (-91, -16), (-91, -15), (-91, -15), (-91, -15), (-91, -15), (-91, -14), (-91, -13), (-91, -12)]
35, (-10, -25), [(-36, -37), (-36, -38), (-37, -38), (-37, -39), (-38, -39), (-38, -40), (-39, -40), (-40, -40), (-41, -40), (-42, -40), (-43, -40), (-43, -41), (-44, -41), (-44, -42), (-45, -42), (-45, -43), (-46, -43), (-46, -44), (-46, -45), (-46, -46), (-46, -47), (-46, -48), (-46, -49), (-46, -50), (-46, -51), (-46, -52), (-46, -53), (-46, -54), (-46, -55), (-46, -56), (-46, -57), (-46, -58), (-46, -59), (-46, -60), (-46, -61), (-46, -62)]
33, (-12, -16), [(79, 34), (79, 33), (78, 33), (78, 32), (77, 32), (77, 31), (76, 31), (76, 30), (75, 30), (75, 29), (74, 29), (74, 28), (73, 28), (73, 28), (73, 28), (73, 28), (73, 28), (72, 28), (71, 28), (71, 27), (70, 27), (70, 26), (69, 26), (69, 25), (68, 25), (68, 24), (68, 23), (68, 22), (68, 21), (68, 20), (68, 20), (67, 20), (67, 19), (67, 18)]
53, (-22, 22), [(-54, 16), (-54, 17), (-55, 17), (-55, 18), (-56, 18), (-56, 19), (-57, 19), (-57, 20), (-58, 20), (-58, 21), (-59, 21), (-59, 22), (-60, 22), (-60, 23), (-61, 23), (-61, 24), (-62, 24), (-62, 25), (-63, 25), (-63, 26), (-64, 26), (-64, 27), (-65, 27), (-65, 28), (-66, 28), (-66, 29), (-67, 29), (-67, 30), (-68, 30), (-68, 31), (-69, 31), (-70, 31), (-71, 31), (-71, 31), (-71, 31), (-71, 31), (-71, 32), (-72, 32), (-72, 33), (-73, 33), (-73, 33), (-73, 33), (-73, 33), (-73, 34), (-74, 34), (-74, 35), (-75, 35), (-75, 35), (-75, 35), (-75, 35), (-75, 36), (-76, 36), (-76, 37), (-76, 38)]
56, (24, 29), [(-20, -14), (-20, -13), (-19, -13), (-19, -12), (-18, -12), (-18, -11), (-17, -11), (-17, -10), (-16, -10), (-16, -9), (-15, -9), (-15, -8), (-14, -8), (-14, -7), (-13, -7), (-13, -6), (-12, -6), (-12, -5), (-11, -5), (-11, -4), (-10, -4), (-10, -3), (-9, -3), (-9, -2), (-8, -2), (-8, -1), (-7, -1), (-7, 0), (-6, 0), (-6, 1), (-5, 1), (-5, 2), (-4, 2), (-4, 3), (-3, 3), (-3, 4), (-2, 4), (-2, 5), (-1, 5), (-1, 6), (0, 6), (0, 7), (1, 7), (1, 8), (2, 8), (2, 8), (2, 8), (2, 8), (2, 9), (3, 9), (3, 10), (4, 10), (4, 11), (4, 12), (4, 13), (4, 14), (4, 15)]
34, (27, -6), [(-89, -145), (-89, -146), (-89, -146), (-88, -146), (-88, -147), (-87, -147), (-87, -148), (-86, -148), (-86, -149), (-85, -149), (-85, -150), (-84, -150), (-84, -151), (-83, -151), (-82, -151), (-81, -151), (-80, -151), (-79, -151), (-78, -151), (-77, -151), (-76, -151), (-75, -151), (-74, -151), (-73, -151), (-72, -151), (-71, -151), (-70, -151), (-69, -151), (-68, -151), (-67, -151), (-66, -151), (-65, -151), (-64, -151), (-63, -151), (-62, -151)]
16, (7, 9), [(88, 49), (89, 49), (89, 50), (90, 50), (90, 51), (91, 51), (91, 52), (92, 52), (92, 53), (93, 53), (93, 54), (94, 54), (94, 55), (95, 55), (95, 56), (95, 57), (95, 58)]
22, (11, 11), [(-76, 38), (-76, 39), (-75, 39), (-75, 40), (-74, 40), (-74, 41), (-73, 41), (-73, 42), (-72, 42), (-72, 43), (-71, 43), (-71, 44), (-70, 44), (-70, 45), (-69, 45), (-69, 46), (-68, 46), (-68, 47), (-67, 47), (-67, 48), (-66, 48), (-66, 49), (-65, 49)]
43, (18, -21), [(-59, -32), (-58, -32), (-58, -33), (-57, -33), (-57, -34), (-56, -34), (-56, -35), (-55, -35), (-55, -36), (-54, -36), (-54, -37), (-53, -37), (-53, -38), (-52, -38), (-52, -39), (-51, -39), (-51, -40), (-50, -40), (-50, -41), (-49, -41), (-49, -42), (-48, -42), (-48, -43), (-47, -43), (-47, -44), (-46, -44), (-46, -45), (-45, -45), (-45, -46), (-44, -46), (-44, -47), (-43, -47), (-43, -48), (-42, -48), (-42, -49), (-41, -49), (-41, -50), (-41, -50), (-41, -50), (-41, -50), (-41, -50), (-41, -51), (-41, -52), (-41, -53)]
29, (7, -21), [(-91, -12), (-91, -13), (-91, -14), (-91, -15), (-91, -16), (-91, -17), (-91, -18), (-91, -19), (-91, -20), (-91, -21), (-91, -22), (-90, -22), (-90, -23), (-90, -24), (-90, -25), (-90, -26), (-90, -27), (-90, -28), (-90, -29), (-90, -30), (-90, -30), (-90, -31), (-89, -31), (-89, -32), (-88, -32), (-88, -33), (-87, -33), (-86, -33), (-85, -33), (-84, -33)]
24, (-1, -23), [(-62, -151), (-62, -152), (-62, -153), (-62, -154), (-62, -155), (-62, -156), (-62, -157), (-62, -158), (-63, -158), (-63, -159), (-63, -160), (-63, -161), (-63, -162), (-63, -163), (-63, -164), (-63, -165), (-63, -166), (-63, -167), (-63, -168), (-63, -169), (-63, -170), (-63, -171), (-63, -172), (-63, -173), (-63, -174)]
29, (-6, -23), [(4, 15), (4, 14), (3, 14), (3, 13), (3, 12), (3, 11), (2, 11), (2, 10), (1, 10), (1, 9), (0, 9), (0, 8), (-1, 8), (-1, 7), (-2, 7), (-2, 6), (-2, 5), (-2, 4), (-2, 3), (-2, 2), (-2, 1), (-2, 0), (-2, -1), (-2, -2), (-2, -3), (-2, -4), (-2, -5), (-2, -6), (-2, -7), (-2, -8)]
43, (23, -20), [(114, 86), (114, 85), (115, 85), (115, 84), (116, 84), (116, 83), (117, 83), (117, 82), (118, 82), (118, 81), (119, 81), (119, 80), (120, 80), (120, 79), (121, 79), (121, 78), (122, 78), (122, 77), (123, 77), (123, 76), (124, 76), (124, 75), (125, 75), (125, 74), (126, 74), (126, 73), (127, 73), (127, 72), (128, 72), (128, 71), (129, 71), (129, 70), (130, 70), (130, 69), (131, 69), (131, 68), (132, 68), (132, 67), (133, 67), (133, 66), (134, 66), (135, 66), (136, 66), (137, 66)]
40, (27, -9), [(67, 18), (68, 18), (68, 17), (69, 17), (69, 16), (70, 16), (70, 15), (71, 15), (71, 14), (72, 14), (72, 13), (73, 13), (73, 12), (74, 12), (74, 11), (75, 11), (75, 10), (76, 10), (76, 9), (77, 9), (78, 9), (79, 9), (80, 9), (81, 9), (82, 9), (82, 9), (83, 9), (84, 9), (84, 9), (84, 9), (84, 9), (85, 9), (86, 9), (87, 9), (88, 9), (89, 9), (90, 9), (91, 9), (92, 9), (93, 9), (94, 9)]
40, (29, 7), [(-46, -62), (-46, -61), (-45, -61), (-45, -60), (-44, -60), (-44, -59), (-43, -59), (-43, -58), (-42, -58), (-42, -57), (-41, -57), (-41, -56), (-40, -56), (-40, -55), (-39, -55), (-38, -55), (-37, -55), (-36, -55), (-35, -55), (-34, -55), (-34, -55), (-34, -55), (-34, -55), (-34, -55), (-33, -55), (-32, -55), (-31, -55), (-30, -55), (-29, -55), (-28, -55), (-27, -55), (-26, -55), (-25, -55), (-24, -55), (-23, -55), (-22, -55), (-21, -55), (-20, -55), (-19, -55), (-18, -55), (-17, -55)]
45, (11, 26), [(3, -43), (3, -42), (4, -42), (4, -41), (5, -41), (5, -40), (6, -40), (6, -39), (7, -39), (7, -38), (8, -38), (8, -37), (9, -37), (9, -36), (10, -36), (10, -35), (11, -35), (11, -34), (12, -34), (12, -33), (13, -33), (13, -32), (14, -32), (14, -31), (13, -31), (13, -30), (12, -30), (12, -29), (12, -28), (12, -27), (12, -27), (12, -27), (12, -27), (12, -26), (12, -25), (12, -25), (13, -25), (13, -24), (14, -24), (14, -23), (14, -22), (14, -21), (14, -20), (14, -19), (14, -18), (14, -17)]
54, (24, 26), [(95, 58), (96, 58), (96, 59), (97, 59), (97, 60), (97, 61), (97, 62), (98, 62), (98, 63), (99, 63), (99, 64), (100, 64), (100, 65), (101, 65), (101, 66), (102, 66), (102, 67), (103, 67), (103, 68), (104, 68), (104, 69), (105, 69), (105, 70), (106, 70), (106, 71), (107, 71), (107, 72), (108, 72), (108, 72), (108, 73), (108, 74), (108, 75), (108, 76), (108, 77), (108, 78), (108, 79), (108, 80), (108, 81), (108, 82), (108, 83), (108, 84), (109, 84), (110, 84), (111, 84), (111, 84), (111, 84), (111, 84), (112, 84), (113, 84), (114, 84), (115, 84), (116, 84), (117, 84), (118, 84), (119, 84)]
25, (16, 9), [(137, 66), (138, 66), (138, 67), (139, 67), (139, 68), (140, 68), (140, 69), (141, 69), (141, 70), (142, 70), (142, 71), (143, 71), (143, 72), (144, 72), (144, 73), (145, 73), (145, 74), (146, 74), (146, 75), (147, 75), (148, 75), (149, 75), (150, 75), (151, 75), (152, 75), (153, 75)]
33, (25, 4), [(-63, -174), (-62, -174), (-62, -173), (-61, -173), (-61, -172), (-60, -172), (-60, -171), (-59, -171), (-59, -170), (-58, -170), (-57, -170), (-56, -170), (-55, -170), (-54, -170), (-53, -170), (-52, -170), (-51, -170), (-51, -170), (-51, -170), (-51, -170), (-50, -170), (-49, -170), (-48, -170), (-48, -170), (-47, -170), (-46, -170), (-45, -170), (-44, -170), (-43, -170), (-42, -170), (-41, -170), (-40, -170), (-39, -170), (-38, -170)]
